Experiment Name	Epoch	EpRet	TestEpRet	EpLen	TestEpLen	TotalEnvInteracts	Q1Vals	Q2Vals	LogPi	LossPi	LossQ	std	Time
ant_mop_r0_a1_0	1	0.0	0.0	95.70588	787.0	9999	102.38106	102.37985	-3.771842	-108.55577	124.97293	0.88468474	180.2355179786682
ant_mop_r0_a1_0	2	0.0	0.0	86.55932	1047.2	19999	382.5088	382.50842	1.0225188	-395.72876	1197.9459	0.8117673	384.4496295452118
ant_mop_r0_a1_0	3	0.0	0.0	127.80769	2131.8	29999	700.7645	700.7739	1.5849913	-712.3177	3978.5916	0.7006729	646.4399406909943
ant_mop_r0_a1_0	4	0.0	0.0	303.25806	5000.0	39999	663.5497	663.5593	-0.6622542	-669.73425	2845.0835	0.57816607	977.1345822811127
ant_mop_r0_a1_0	5	0.0	0.0	457.86957	5000.0	49999	604.75494	604.76135	-1.4944094	-609.749	1741.093	0.5541999	1319.556972503662
ant_mop_r0_a1_0	6	0.0	0.0	334.3	5000.0	59999	574.21625	574.2214	-1.9192065	-578.7498	1318.426	0.5650148	1662.2778527736664
ant_mop_r0_a1_0	7	0.0	0.0	579.9375	5000.0	69999	565.04956	565.0537	-2.0666845	-569.4282	1237.7931	0.5793645	2012.8088507652283
ant_mop_r0_a1_0	8	0.0	0.0	1176.7778	5000.0	79999	578.1881	578.1932	-2.13254	-582.4428	1132.8809	0.5998326	2360.560572862625
ant_mop_r0_a1_0	9	0.0	0.0	764.2308	5000.0	89999	602.36127	602.362	-2.2049282	-606.565	1038.5126	0.61311907	2703.528725862503
ant_mop_r0_a1_0	10	0.0	0.0	1037.4445	5000.0	99999	629.78503	629.78815	-2.2259858	-633.9581	1005.8072	0.6233034	3036.8901069164276
ant_mop_r0_a1_0	11	0.0	0.0	1339.5	5000.0	109999	663.94025	663.94104	-2.286288	-668.05145	1001.9669	0.62816006	3378.106554746628
ant_mop_r0_a1_0	12	0.0	0.0	4191.5	5000.0	119999	699.2758	699.2751	-2.4097345	-703.2933	966.7088	0.6335564	3715.8778257369995
ant_mop_r0_a1_0	13	0.0	0.0	813.8889	5000.0	129999	731.7929	731.7944	-2.501204	-735.73956	962.8944	0.6367596	4057.477616071701
ant_mop_r0_a1_0	14	0.0	0.0	961.8	5000.0	139999	762.1231	762.1231	-2.6161819	-765.9974	966.8365	0.6438138	4408.139760732651
ant_mop_r0_a1_0	15	0.0	0.0	1120.3334	5000.0	149999	793.3044	793.30444	-2.6435547	-797.1383	1022.9843	0.64883137	4749.21519947052
ant_mop_r0_a1_0	16	0.0	0.0	2142.25	5000.0	159999	824.71765	824.7186	-2.598332	-828.7125	1062.935	0.6504921	5085.6984758377075
ant_mop_r0_a1_0	17	0.0	0.0	1605.2	5000.0	169999	857.8675	857.86597	-2.6038826	-861.7808	1050.1545	0.65154403	5423.485575914383
ant_mop_r0_a1_0	18	0.0	0.0	1706.8334	5000.0	179999	893.4722	893.4727	-2.6221485	-897.3487	1033.9135	0.6582279	5764.314669847488
ant_mop_r0_a1_0	19	0.0	0.0	5000.0	5000.0	189999	929.752	929.75104	-2.6076922	-933.7289	1069.9846	0.6602205	6101.8112506866455
ant_mop_r0_a1_0	20	0.0	0.0	2463.2	5000.0	199999	967.3989	967.398	-2.6956923	-971.3637	1043.0021	0.6643867	6441.332868099213
ant_mop_r0_a1_0	21	0.0	0.0	1721.0	5000.0	209999	1002.83795	1002.8358	-2.6819167	-1006.8347	1079.9454	0.66102684	6782.61682510376
ant_mop_r0_a1_0	22	0.0	0.0	1908.0	5000.0	219999	1038.8479	1038.8467	-2.6959689	-1042.781	1073.8656	0.6621989	7118.817375659943
ant_mop_r0_a1_0	23	0.0	0.0	1530.0	5000.0	229999	1073.2812	1073.2803	-2.6846666	-1077.298	1131.4274	0.6599916	7456.162723779678
ant_mop_r0_a1_0	24	0.0	0.0	2038.0	5000.0	239999	1107.601	1107.6003	-2.672022	-1111.5918	1181.472	0.65866935	7794.178331375122
ant_mop_r0_a1_0	25	0.0	0.0	3404.0	5000.0	249999	1139.4608	1139.4615	-2.7079232	-1143.3549	1200.578	0.66353166	8131.341697216034
ant_mop_r0_a1_0	26	0.0	0.0	2890.0	5000.0	259999	1169.287	1169.2859	-2.7133865	-1173.248	1242.1499	0.6622113	8469.875168561935
ant_mop_r0_a1_0	27	0.0	0.0	3034.75	5000.0	269999	1200.323	1200.3232	-2.8453522	-1204.2303	1205.7249	0.6690802	8808.998906373978
ant_mop_r0_a1_0	28	0.0	0.0	1281.0	5000.0	279999	1230.0226	1230.0221	-2.8679342	-1233.9246	1222.6475	0.669805	9146.588901996613
ant_mop_r0_a1_0	29	0.0	0.0	3571.0	5000.0	289999	1258.5724	1258.5736	-2.8372757	-1262.4794	1269.9781	0.6680075	9481.24722456932
ant_mop_r0_a1_0	30	0.0	0.0	3437.5	5000.0	299999	1287.9735	1287.974	-2.8432565	-1291.9153	1247.401	0.6685306	9824.2537920475
ant_mop_r0_a1_0	31	0.0	0.0	5000.0	5000.0	309999	1320.614	1320.6155	-2.9052787	-1324.6067	1240.9688	0.67529976	10159.268375873566
ant_mop_r0_a1_0	32	0.0	0.0	2925.8	5000.0	319999	1350.3398	1350.339	-2.950599	-1354.357	1273.198	0.67401314	10493.011201143265
ant_mop_r0_a1_0	33	0.0	0.0	2667.3333	5000.0	329999	1381.2045	1381.2068	-2.9680917	-1385.1241	1232.2529	0.67817706	10835.707573890686
ant_mop_r0_a1_0	34	0.0	0.0	5000.0	5000.0	339999	1410.0504	1410.049	-2.9325576	-1413.9373	1235.5364	0.67464834	11175.030931949615
ant_mop_r0_a1_0	35	0.0	0.0	2456.0	5000.0	349999	1438.6383	1438.6395	-2.978064	-1442.5496	1271.987	0.678054	11512.027450323105
ant_mop_r0_a1_0	36	0.0	0.0	3522.6667	5000.0	359999	1468.003	1468.0024	-2.9565427	-1471.9142	1310.5944	0.6757515	11847.286844491959
ant_mop_r0_a1_0	37	0.0	0.0	3649.0	5000.0	369999	1498.5275	1498.5276	-2.99437	-1502.5211	1244.6766	0.6808461	12187.212270021439
ant_mop_r0_a1_0	38	0.0	0.0	3315.75	5000.0	379999	1529.1342	1529.1354	-3.099847	-1533.0853	1250.0763	0.68402725	12518.866076946259
ant_mop_r0_a1_0	39	0.0	0.0	3215.5	5000.0	389999	1559.044	1559.0436	-3.1648045	-1562.9974	1201.9995	0.69064623	12844.799403905869
ant_mop_r0_a1_0	40	0.0	0.0	4488.0	5000.0	399999	1587.6356	1587.6355	-3.0932662	-1591.5164	1249.7433	0.6822211	13173.107434034348
ant_mop_r0_a1_0	41	0.0	0.0	3643.5	5000.0	409999	1615.308	1615.3079	-3.1690342	-1619.254	1211.493	0.6898922	13499.129450559616
ant_mop_r0_a1_0	42	0.0	0.0	2618.2	5000.0	419999	1645.4277	1645.4265	-3.1710217	-1649.3524	1233.7632	0.6885783	13821.793440818787
ant_mop_r0_a1_0	43	0.0	0.0	3367.0	5000.0	429999	1673.4685	1673.4679	-3.2034483	-1677.4113	1227.8107	0.6892838	14141.577326774597
ant_mop_r0_a1_0	44	0.0	0.0	2414.0	5000.0	439999	1701.25	1701.2489	-3.2010043	-1705.1978	1298.842	0.6892592	14468.764393806458
ant_mop_r0_a1_0	45	0.0	0.0	2757.0	5000.0	449999	1729.959	1729.9596	-3.2091327	-1733.932	1243.18	0.69194543	14797.485402345657
ant_mop_r0_a1_0	46	0.0	0.0	3815.3333	5000.0	459999	1756.0802	1756.0795	-3.168269	-1759.9781	1281.4539	0.6877352	15129.196730613708
ant_mop_r0_a1_0	47	0.0	0.0	4416.5	5000.0	469999	1784.0319	1784.0333	-3.2039268	-1788.0214	1283.0215	0.69381416	15450.996766328812
ant_mop_r0_a1_0	48	0.0	0.0	4741.0	5000.0	479999	1811.434	1811.4333	-3.2599993	-1815.3446	1265.3802	0.69783545	15772.881789445877
ant_mop_r0_a1_0	49	0.0	0.0	3027.0	5000.0	489999	1837.7018	1837.6996	-3.179643	-1841.652	1309.7415	0.6893064	16100.537944316864
ant_mop_r0_a1_0	50	0.0	0.0	2590.25	5000.0	499999	1861.9031	1861.9025	-3.2388468	-1865.8212	1304.8184	0.691971	16428.303682804108
ant_mop_r0_a1_0	51	0.0	0.0	1616.0	5000.0	509999	1885.7122	1885.711	-3.253926	-1889.584	1368.4076	0.6911376	16755.737916707993
ant_mop_r0_a1_0	52	0.0	0.0	4133.0	5000.0	519999	1906.862	1906.861	-3.2872481	-1910.659	1354.2554	0.6934146	17079.575936317444
ant_mop_r0_a1_0	53	0.0	0.0	3656.6667	5000.0	529999	1925.4688	1925.4679	-3.2289085	-1929.286	1349.5366	0.6876936	17406.54124236107
ant_mop_r0_a1_0	54	0.0	0.0	4073.0	5000.0	539999	1946.7202	1946.7202	-3.2039268	-1950.6165	1433.4622	0.68664294	17731.820913553238
ant_mop_r0_a1_0	55	0.0	0.0	4141.0	5000.0	549999	1965.2119	1965.2117	-3.2742038	-1969.0162	1436.3516	0.690804	18055.522968530655
ant_mop_r0_a1_0	56	0.0	0.0	3320.3333	5000.0	559999	1983.8838	1983.8829	-3.3096476	-1987.7208	1385.1647	0.6915548	18375.67880296707
ant_mop_r0_a1_0	57	0.0	0.0	5000.0	5000.0	569999	2002.7216	2002.7213	-3.2887084	-2006.524	1380.8683	0.6951285	18701.26077723503
ant_mop_r0_a1_0	58	0.0	0.0	2881.0	5000.0	579999	2019.0833	2019.0829	-3.2670574	-2022.8665	1405.8317	0.68895113	19027.931925535202
ant_mop_r0_a1_0	59	0.0	0.0	1962.1666	5000.0	589999	2036.7882	2036.7885	-3.3060439	-2040.6224	1409.7628	0.6941524	19356.096711158752
ant_mop_r0_a1_0	60	0.0	0.0	2654.6667	5000.0	599999	2056.446	2056.4434	-3.2659793	-2060.2715	1441.4482	0.69218165	19683.998231887817
ant_mop_r0_a1_0	61	0.0	0.0	3014.0	5000.0	609999	2074.4377	2074.4365	-3.176388	-2078.225	1496.5087	0.6845624	20007.764838695526
ant_mop_r0_a1_0	62	0.0	0.0	5000.0	5000.0	619999	2090.9705	2090.97	-3.1871982	-2094.774	1533.4872	0.6869131	20333.805453300476
ant_mop_r0_a1_0	63	0.0	0.0	3324.6667	5000.0	629999	2104.236	2104.2363	-3.246467	-2107.9524	1506.4832	0.68751496	20663.451236963272
ant_mop_r0_a1_0	64	0.0	0.0	3851.5	5000.0	639999	2117.389	2117.3862	-3.2377782	-2121.0686	1496.638	0.6901393	20988.53789639473
ant_mop_r0_a1_0	65	0.0	0.0	3591.3333	5000.0	649999	2133.1282	2133.127	-3.2784758	-2136.8936	1473.8254	0.693587	21309.635692596436
ant_mop_r0_a1_0	66	0.0	0.0	3473.3333	5000.0	659999	2148.4478	2148.4475	-3.2400692	-2152.1887	1493.8043	0.69056904	21630.084302186966
ant_mop_r0_a1_0	67	0.0	0.0	3518.6667	5000.0	669999	2161.834	2161.8342	-3.2464316	-2165.5647	1485.2324	0.6854582	21956.19561767578
ant_mop_r0_a1_0	68	0.0	0.0	5000.0	5000.0	679999	2174.6357	2174.6345	-3.315474	-2178.398	1504.6697	0.69039065	22283.552756547928
ant_mop_r0_a1_0	69	0.0	0.0	2050.2	5000.0	689999	2185.774	2185.7732	-3.2696595	-2189.5525	1557.7278	0.6861922	22607.97305226326
ant_mop_r0_a1_0	70	0.0	0.0	3759.5	5000.0	699999	2198.7725	2198.7705	-3.2837505	-2202.5164	1525.9874	0.6881077	22933.42596268654
ant_mop_r0_a1_0	71	0.0	0.0	3694.0	5000.0	709999	2210.6655	2210.6646	-3.2583385	-2214.3389	1503.529	0.6860481	23260.921329975128
ant_mop_r0_a1_0	72	0.0	0.0	2924.75	5000.0	719999	2220.1528	2220.1528	-3.252255	-2223.8606	1652.7914	0.68759155	23586.342741012573
ant_mop_r0_a1_0	73	0.0	0.0	5000.0	5000.0	729999	2230.708	2230.7068	-3.3040268	-2234.3857	1556.6385	0.68891984	23911.640984535217
ant_mop_r0_a1_0	74	0.0	0.0	1495.25	5000.0	739999	2242.9424	2242.9426	-3.2082016	-2246.686	1544.4182	0.6852338	24236.367274284363
ant_mop_r0_a1_0	75	0.0	0.0	3241.5	5000.0	749999	2256.5159	2256.5156	-3.257292	-2260.2065	1562.8136	0.68682516	24561.41881608963
ant_mop_r0_a1_0	76	0.0	0.0	2963.0	5000.0	759999	2267.9277	2267.927	-3.2690935	-2271.6526	1594.2026	0.6865062	24886.387489557266
ant_mop_r0_a1_0	77	0.0	0.0	3028.25	5000.0	769999	2277.4634	2277.463	-3.291492	-2281.089	1583.7281	0.6869862	25209.536373138428
ant_mop_r0_a1_0	78	0.0	0.0	3325.0	5000.0	779999	2286.0461	2286.0461	-3.314635	-2289.6277	1517.055	0.6902068	25532.867639541626
ant_mop_r0_a1_0	79	0.0	0.0	5000.0	5000.0	789999	2294.3337	2294.3318	-3.3085995	-2297.9355	1583.7944	0.6850793	25852.43570613861
ant_mop_r0_a1_0	80	0.0	0.0	3076.5	5000.0	799999	2303.888	2303.889	-3.2787857	-2307.5552	1600.7476	0.6862672	26176.166134357452
ant_mop_r0_a1_0	81	0.0	0.0	1844.2	5000.0	809999	2311.9255	2311.9229	-3.2197227	-2315.6055	1626.3005	0.68004185	26499.57189798355
ant_mop_r0_a1_0	82	0.0	0.0	3251.3333	5000.0	819999	2318.2666	2318.2659	-3.1750615	-2321.9463	1720.8492	0.6790505	26826.61589384079
ant_mop_r0_a1_0	83	0.0	0.0	5000.0	5000.0	829999	2324.6438	2324.6433	-3.3145404	-2328.212	1651.7336	0.68495554	27150.97477579117
ant_mop_r0_a1_0	84	0.0	0.0	3592.3333	5000.0	839999	2331.5042	2331.5046	-3.2425854	-2335.0723	1660.1342	0.68095946	27473.08597278595
ant_mop_r0_a1_0	85	0.0	0.0	5000.0	5000.0	849999	2338.7612	2338.7605	-3.3600357	-2342.27	1587.8818	0.69083095	27796.884630918503
ant_mop_r0_a1_0	86	0.0	0.0	3258.6667	5000.0	859999	2344.8655	2344.8638	-3.3156738	-2348.3933	1590.644	0.68708766	28119.18642258644
ant_mop_r0_a1_0	87	0.0	0.0	5000.0	5000.0	869999	2349.663	2349.6636	-3.3095384	-2353.1328	1612.1451	0.6878315	28442.79174375534
ant_mop_r0_a1_0	88	0.0	0.0	3662.6667	5000.0	879999	2354.17	2354.1682	-3.3395627	-2357.5789	1540.6522	0.68424636	28764.961302280426
ant_mop_r0_a1_0	89	0.0	0.0	2698.6667	5000.0	889999	2360.6484	2360.6487	-3.2511806	-2364.243	1523.4285	0.6836771	29085.619567155838
ant_mop_r0_a1_0	90	0.0	0.0	3124.0	5000.0	899999	2370.7048	2370.7046	-3.3462188	-2374.2554	1512.2385	0.68925554	29409.52016210556
ant_mop_r0_a1_0	91	0.0	0.0	3239.5	5000.0	909999	2380.7715	2380.7708	-3.3393226	-2384.3357	1531.8088	0.6865847	29737.18046927452
ant_mop_r0_a1_0	92	0.0	0.0	4011.5	5000.0	919999	2388.9824	2388.982	-3.392024	-2392.454	1552.389	0.69098073	30063.48738336563
ant_mop_r0_a1_0	93	0.0	0.0	3889.3333	5000.0	929999	2392.3484	2392.3496	-3.315018	-2395.8926	1593.6564	0.68480474	30390.689244508743
ant_mop_r0_a1_0	94	0.0	0.0	4725.0	5000.0	939999	2398.022	2398.0208	-3.2622018	-2401.4917	1606.8826	0.6809002	30714.684597492218
ant_mop_r0_a1_0	95	0.0	0.0	3883.0	5000.0	949999	2403.9954	2403.9946	-3.199331	-2407.6064	1665.0575	0.68104565	31031.831669569016
ant_mop_r0_a1_0	96	0.0	0.0	5000.0	5000.0	959999	2410.446	2410.446	-3.292421	-2413.9287	1533.3954	0.68321645	31349.352670431137
ant_mop_r0_a1_0	97	0.0	0.0	2962.0	5000.0	969999	2416.8943	2416.8926	-3.362163	-2420.3865	1483.2211	0.6873115	31673.16498374939
ant_mop_r0_a1_0	98	0.0	0.0	2647.6667	5000.0	979999	2424.6711	2424.6694	-3.374054	-2428.175	1502.3114	0.69264257	31997.38677406311
ant_mop_r0_a1_0	99	0.0	0.0	4368.3335	5000.0	989999	2431.7327	2431.7332	-3.2803838	-2435.2817	1486.6403	0.68497366	32323.973700523376
ant_mop_r0_a1_0	100	0.0	0.0	4286.0	5000.0	999999	2437.2024	2437.2036	-3.3036604	-2440.69	1578.6606	0.682167	32645.24781370163
ant_mop_r0_a1_0	101	0.0	0.0	5000.0	5000.0	1009999	2443.2903	2443.2883	-3.3290908	-2446.6797	1497.9666	0.6867499	32966.27532482147
ant_mop_r0_a1_0	102	0.0	0.0	3523.0	5000.0	1019999	2450.9607	2450.962	-3.3004057	-2454.1863	1432.4872	0.68401086	33286.00336098671
ant_mop_r0_a1_0	103	0.0	0.0	4300.5	5000.0	1029999	2461.8848	2461.8853	-3.3660672	-2464.8865	1187.5894	0.6886374	33606.099360466
ant_mop_r0_a1_0	104	0.0	0.0	4279.0	5000.0	1039999	2473.4446	2473.4443	-3.4937484	-2476.394	1124.2993	0.69321394	33930.06712889671
ant_mop_r0_a1_0	105	0.0	0.0	4515.6665	5000.0	1049999	2485.6638	2485.6638	-3.570693	-2488.638	1069.4196	0.7017733	34251.46937417984
ant_mop_r0_a1_0	106	0.0	0.0	3041.6667	5000.0	1059999	2499.9998	2499.9988	-3.5828393	-2502.91	1010.5944	0.70271015	34574.45102405548
ant_mop_r0_a1_0	107	0.0	0.0	2765.75	5000.0	1069999	2513.772	2513.7715	-3.6098483	-2516.703	1016.3249	0.7011964	34899.12422084808
ant_mop_r0_a1_0	108	0.0	0.0	3438.6667	5000.0	1079999	2525.859	2525.8586	-3.592223	-2528.743	993.7437	0.7064325	35226.08140420914
ant_mop_r0_a1_0	109	0.0	0.0	3511.0	5000.0	1089999	2540.3054	2540.3062	-3.5898416	-2543.2305	1017.842	0.7013813	35550.313105106354
ant_mop_r0_a1_0	110	0.0	0.0	2070.5	5000.0	1099999	2555.6592	2555.6597	-3.6895735	-2558.6572	916.9101	0.7147632	35873.63106870651
ant_mop_r0_a1_0	111	0.0	0.0	3125.6667	5000.0	1109999	2571.1292	2571.1274	-3.7668784	-2574.1555	973.2181	0.71927667	36197.55164361
ant_mop_r0_a1_0	112	0.0	0.0	5000.0	5000.0	1119999	2586.3408	2586.3428	-3.7741232	-2589.3088	995.973	0.72213566	36522.19576406479
ant_mop_r0_a1_0	113	0.0	0.0	2661.3333	5000.0	1129999	2601.9214	2601.92	-3.6740584	-2605.0437	941.0602	0.7175244	36850.55792570114
ant_mop_r0_a1_0	114	0.0	0.0	2561.0	5000.0	1139999	2618.072	2618.07	-3.8181036	-2621.0056	947.9805	0.7191905	37179.82939815521
ant_mop_r0_a1_0	115	0.0	0.0	1721.8334	5000.0	1149999	2629.0735	2629.074	-3.696342	-2631.8923	943.1768	0.7171011	37506.878628730774
ant_mop_r0_a1_0	116	0.0	0.0	3025.0	5000.0	1159999	2639.2197	2639.221	-3.722667	-2642.1255	951.7689	0.7144612	37834.80311346054
ant_mop_r0_a1_0	117	0.0	0.0	2708.0	5000.0	1169999	2651.4958	2651.4973	-3.6995227	-2654.4915	1018.8986	0.7170165	38161.26290154457
ant_mop_r0_a1_0	118	0.0	0.0	2380.3333	5000.0	1179999	2666.5203	2666.5193	-3.8349612	-2669.5293	1020.3168	0.72398573	38495.591735601425
ant_mop_r0_a1_0	119	0.0	0.0	1646.0	5000.0	1189999	2679.8003	2679.7993	-3.7664692	-2682.8167	1045.5708	0.7170915	38833.12254905701
ant_mop_r0_a1_0	120	0.0	0.0	4969.0	5000.0	1199999	2690.7566	2690.7559	-3.6219566	-2693.788	1034.7083	0.7112167	39169.11143565178
ant_mop_r0_a1_0	121	0.0	0.0	3336.3333	5000.0	1209999	2702.8625	2702.8645	-3.7507925	-2706.0095	1020.4313	0.72029084	39512.233808755875
ant_mop_r0_a1_0	122	0.0	0.0	1542.6	5000.0	1219999	2720.0664	2720.0635	-3.8672292	-2723.2349	913.705	0.7328522	39854.24749779701
ant_mop_r0_a1_0	123	0.0	0.0	1877.3334	5000.0	1229999	2735.8008	2735.8005	-3.763667	-2738.9033	1070.7552	0.725773	40195.00302577019
ant_mop_r0_a1_0	124	0.0	0.0	2482.75	5000.0	1239999	2750.649	2750.6472	-3.7680342	-2753.7354	1069.8503	0.7250969	40532.672609090805
ant_mop_r0_a1_0	125	0.0	0.0	2323.75	5000.0	1249999	2764.037	2764.0378	-3.8357172	-2767.1309	1025.445	0.7230133	40870.61808514595
ant_mop_r0_a1_0	126	0.0	0.0	1984.5	5000.0	1259999	2775.5242	2775.5242	-3.78337	-2778.6167	1043.0154	0.72233075	41205.75942111015
ant_mop_r0_a1_0	127	0.0	0.0	5000.0	5000.0	1269999	2787.529	2787.5293	-3.8073962	-2790.6733	1120.4401	0.72598827	41533.064601421356
ant_mop_r0_a1_0	128	0.0	0.0	3138.0	5000.0	1279999	2798.4626	2798.4622	-3.8274608	-2801.5835	1143.6927	0.7209909	41863.276574611664
ant_mop_r0_a1_0	129	0.0	0.0	1270.0	5000.0	1289999	2810.3093	2810.3093	-3.9072747	-2813.4224	1038.0397	0.73096114	42197.176908016205
ant_mop_r0_a1_0	130	0.0	0.0	2525.0	5000.0	1299999	2822.4521	2822.4514	-3.8759274	-2825.64	1065.8091	0.72742933	42533.27283143997
ant_mop_r0_a1_0	131	0.0	0.0	1877.8572	5000.0	1309999	2830.5225	2830.5232	-3.7790482	-2833.5293	1270.914	0.70659065	42865.47332882881
ant_mop_r0_a1_0	132	0.0	0.0	5000.0	5000.0	1319999	2836.526	2836.525	-3.8937554	-2839.6384	1109.8033	0.7161949	43197.094449043274
ant_mop_r0_a1_0	133	0.0	0.0	2944.75	5000.0	1329999	2848.1707	2848.1704	-3.921183	-2851.295	990.1279	0.7234752	43532.340358257294
ant_mop_r0_a1_0	134	0.0	0.0	1315.2858	5000.0	1339999	2857.2573	2857.2573	-3.9432468	-2860.3997	1072.2659	0.7281384	43868.828119277954
ant_mop_r0_a1_0	135	0.0	0.0	2800.3333	5000.0	1349999	2868.3486	2868.349	-3.961068	-2871.4895	1029.4329	0.723852	44202.149849653244
ant_mop_r0_a1_0	136	0.0	0.0	3056.0	5000.0	1359999	2877.845	2877.8455	-3.897629	-2880.9663	1077.3044	0.7191177	44535.15758180618
ant_mop_r0_a1_0	137	0.0	0.0	2169.2	5000.0	1369999	2884.2478	2884.2456	-3.8637958	-2887.3596	1230.6663	0.71624726	44874.76939034462
ant_mop_r0_a1_0	138	0.0	0.0	1619.7142	5000.0	1379999	2890.9043	2890.9053	-3.8351262	-2894.0293	1158.3438	0.71761304	45216.755113601685
ant_mop_r0_a1_0	139	0.0	0.0	1571.4286	5000.0	1389999	2893.8887	2893.8882	-3.7449849	-2897.0068	1311.8278	0.71168894	45564.94786667824
ant_mop_r0_a1_0	140	0.0	0.0	5000.0	5000.0	1399999	2897.6038	2897.6023	-3.7574487	-2900.75	1300.9803	0.70882404	45908.096952438354
ant_mop_r0_a1_0	141	0.0	0.0	2162.25	5000.0	1409999	2901.7537	2901.7534	-3.789013	-2904.8962	1267.4872	0.70598847	46248.52082014084
ant_mop_r0_a1_0	142	0.0	0.0	2822.6667	5000.0	1419999	2904.0127	2904.0112	-3.8339987	-2907.184	1236.2008	0.71072507	46594.32970619202
ant_mop_r0_a1_0	143	0.0	0.0	3862.6667	5000.0	1429999	2908.201	2908.2004	-3.8535604	-2911.3125	1212.4937	0.71603787	46937.84150719643
ant_mop_r0_a1_0	144	0.0	0.0	2608.25	5000.0	1439999	2910.3027	2910.3013	-3.787802	-2913.3733	1166.067	0.7132845	47280.09985041618
ant_mop_r0_a1_0	145	0.0	0.0	2484.75	5000.0	1449999	2913.219	2913.2188	-3.820787	-2916.3423	1225.1478	0.7120603	47627.453780412674
ant_mop_r0_a1_0	146	0.0	0.0	4794.5	5000.0	1459999	2914.5886	2914.5894	-3.8590593	-2917.746	1244.7936	0.7158558	47973.80823135376
ant_mop_r0_a1_0	147	0.0	0.0	3798.5	5000.0	1469999	2916.481	2916.478	-3.8649733	-2919.5703	1150.946	0.7156131	48321.27649998665
ant_mop_r0_a1_0	148	0.0	0.0	2545.8	5000.0	1479999	2918.7922	2918.7917	-3.8056982	-2921.9976	1199.419	0.7131785	48665.557910203934
ant_mop_r0_a1_0	149	0.0	0.0	2476.5	5000.0	1489999	2920.9377	2920.9358	-3.8694222	-2924.0735	1112.4205	0.7154259	49011.50061964989
ant_mop_r0_a1_0	150	0.0	0.0	2846.6667	5000.0	1499999	2922.5425	2922.5388	-3.7697194	-2925.642	1200.0668	0.7123973	49356.800020456314
ant_mop_r0_a1_0	151	0.0	0.0	1904.2	5000.0	1509999	2923.19	2923.191	-3.8747323	-2926.3826	1174.0186	0.717403	49706.14270925522
ant_mop_r0_a1_0	152	0.0	0.0	5000.0	5000.0	1519999	2923.196	2923.1953	-3.7205632	-2926.2646	1284.4733	0.70369244	50055.48575210571
ant_mop_r0_a1_0	153	0.0	0.0	3750.0	5000.0	1529999	2922.8774	2922.8765	-3.7274427	-2925.9368	1213.5201	0.7032969	50405.68186330795
ant_mop_r0_a1_0	154	0.0	0.0	3879.0	5000.0	1539999	2925.0146	2925.0146	-3.8496032	-2928.13	1146.2776	0.71219814	50766.131073236465
ant_mop_r0_a1_0	155	0.0	0.0	3625.5	5000.0	1549999	2924.6584	2924.6575	-3.8745172	-2927.6853	1168.714	0.7182138	51128.51067900658
ant_mop_r0_a1_0	156	0.0	0.0	2592.6	5000.0	1559999	2923.9656	2923.966	-3.8383825	-2927.0388	1125.9512	0.71810067	51493.53906226158
ant_mop_r0_a1_0	157	0.0	0.0	4362.0	5000.0	1569999	2921.6643	2921.6624	-3.7289193	-2924.7234	1252.148	0.70413077	51849.19418287277
ant_mop_r0_a1_0	158	0.0	0.0	4128.5	5000.0	1579999	2919.7986	2919.7979	-3.7023354	-2922.9067	1189.1262	0.7041944	52204.740213394165
ant_mop_r0_a1_0	159	0.0	0.0	2729.0	5000.0	1589999	2921.8276	2921.8264	-3.8119652	-2924.9294	1075.0854	0.71282256	52562.188866615295
ant_mop_r0_a1_0	160	0.0	0.0	4034.3333	5000.0	1599999	2922.9438	2922.9438	-3.672266	-2926.046	1201.8479	0.7050869	52916.9726691246
ant_mop_r0_a1_0	161	0.0	0.0	2035.0	5000.0	1609999	2920.9844	2920.982	-3.7294745	-2923.996	1207.6354	0.70799494	53265.379408597946
ant_mop_r0_a1_0	162	0.0	0.0	2638.5	5000.0	1619999	2919.954	2919.9512	-3.799126	-2923.0247	1190.3136	0.7135254	53619.19344639778
ant_mop_r0_a1_0	163	0.0	0.0	3055.0	5000.0	1629999	2917.4146	2917.4155	-3.7384913	-2920.5415	1290.6583	0.7097378	53976.802087545395
ant_mop_r0_a1_0	164	0.0	0.0	3751.6667	5000.0	1639999	2915.8403	2915.8376	-3.7393804	-2918.8955	1210.6807	0.7011021	54329.85955905914
ant_mop_r0_a1_0	165	0.0	0.0	1444.4286	5000.0	1649999	2914.6228	2914.621	-3.725777	-2917.6785	1234.8314	0.7036238	54687.12595176697
ant_mop_r0_a1_0	166	0.0	0.0	2918.6667	5000.0	1659999	2913.255	2913.2544	-3.7103455	-2916.3208	1321.1884	0.70245916	55039.31479406357
ant_mop_r0_a1_0	167	0.0	0.0	3793.6667	5000.0	1669999	2910.412	2910.413	-3.651846	-2913.483	1315.2611	0.6980958	55382.03171610832
ant_mop_r0_a1_0	168	0.0	0.0	4985.0	5000.0	1679999	2907.868	2907.868	-3.6122367	-2910.9812	1200.4583	0.7022752	55723.33335494995
ant_mop_r0_a1_0	169	0.0	0.0	3195.6667	5000.0	1689999	2909.9995	2909.998	-3.6946504	-2913.1748	1243.2155	0.7082149	56061.589504003525
ant_mop_r0_a1_0	170	0.0	0.0	2866.0	5000.0	1699999	2909.999	2909.9993	-3.626363	-2913.1172	1172.7522	0.69918436	56400.312433719635
ant_mop_r0_a1_0	171	0.0	0.0	4187.5	5000.0	1709999	2907.876	2907.8755	-3.6799967	-2910.9766	1305.2137	0.70545095	56736.14829325676
ant_mop_r0_a1_0	172	0.0	0.0	2008.2	5000.0	1719999	2906.505	2906.506	-3.7339933	-2909.533	1277.2874	0.7050494	57073.3693819046
ant_mop_r0_a1_0	173	0.0	0.0	5000.0	5000.0	1729999	2906.1377	2906.1372	-3.5735433	-2909.3242	1249.3367	0.6958922	57414.109295368195
ant_mop_r0_a1_0	174	0.0	0.0	4779.5	5000.0	1739999	2907.6145	2907.6145	-3.5773778	-2910.8508	1341.2982	0.69883937	57751.54620838165
ant_mop_r0_a1_0	175	0.0	0.0	2224.0	5000.0	1749999	2908.0562	2908.0571	-3.7072978	-2911.2224	1232.567	0.7064726	58092.143069028854
ant_mop_r0_a1_0	176	0.0	0.0	3527.0	5000.0	1759999	2906.8481	2906.8467	-3.6125724	-2910.0308	1337.5786	0.69899267	58433.12233185768
ant_mop_r0_a1_0	177	0.0	0.0	2693.0	5000.0	1769999	2908.3118	2908.312	-3.7287972	-2911.4644	1186.1588	0.70969343	58774.33110308647
ant_mop_r0_a1_0	178	0.0	0.0	3129.6667	5000.0	1779999	2908.571	2908.571	-3.628313	-2911.7388	1267.6361	0.70340264	59115.46972489357
ant_mop_r0_a1_0	179	0.0	0.0	2348.25	5000.0	1789999	2906.8232	2906.823	-3.6279285	-2909.9038	1309.5712	0.69525427	59457.2498960495
ant_mop_r0_a1_0	180	0.0	0.0	3896.0	5000.0	1799999	2903.9905	2903.991	-3.6371648	-2907.0808	1298.5844	0.69956696	59795.36748981476
ant_mop_r0_a1_0	181	0.0	0.0	3494.5	5000.0	1809999	2901.2717	2901.271	-3.6295648	-2904.3362	1219.7269	0.69331115	60137.85512471199
ant_mop_r0_a1_0	182	0.0	0.0	4320.0	5000.0	1819999	2899.9023	2899.901	-3.632314	-2902.994	1228.4468	0.6971686	60480.73622202873
ant_mop_r0_a1_0	183	0.0	0.0	1984.3334	5000.0	1829999	2896.7524	2896.7515	-3.4820917	-2899.8716	1373.5891	0.68647444	60819.008407115936
ant_mop_r0_a1_0	184	0.0	0.0	4316.0	5000.0	1839999	2894.5405	2894.5396	-3.4971864	-2897.6326	1289.6818	0.68665206	61168.060638189316
ant_mop_r0_a1_0	185	0.0	0.0	2597.5	5000.0	1849999	2895.309	2895.3064	-3.6041782	-2898.5032	1170.8069	0.6983191	61516.08212804794
ant_mop_r0_a1_0	186	0.0	0.0	5000.0	5000.0	1859999	2895.3975	2895.3962	-3.5339634	-2898.556	1296.548	0.6909223	61870.02555179596
ant_mop_r0_a1_0	187	0.0	0.0	5000.0	5000.0	1869999	2894.599	2894.5984	-3.491887	-2897.7437	1232.8785	0.6869695	62225.56590628624
ant_mop_r0_a1_0	188	0.0	0.0	3210.6667	5000.0	1879999	2893.9346	2893.9343	-3.5581594	-2897.0361	1155.9423	0.69097793	62581.71480035782
ant_mop_r0_a1_0	189	0.0	0.0	5000.0	5000.0	1889999	2892.7356	2892.7349	-3.5364127	-2895.883	1201.4182	0.6935169	62932.07566857338
ant_mop_r0_a1_0	190	0.0	0.0	3194.3333	5000.0	1899999	2893.964	2893.964	-3.7215488	-2897.0493	1114.4382	0.7001289	63288.696195364
ant_mop_r0_a1_0	191	0.0	0.0	2436.25	5000.0	1909999	2891.893	2891.8928	-3.697341	-2894.9705	1113.566	0.7011771	63642.14055800438
ant_mop_r0_a1_0	192	0.0	0.0	3789.6667	5000.0	1919999	2890.5286	2890.5273	-3.7019765	-2893.6155	1172.5847	0.70178944	63988.281230688095
ant_mop_r0_a1_0	193	0.0	0.0	1759.3334	5000.0	1929999	2889.4937	2889.493	-3.5927522	-2892.7327	1238.7827	0.6975854	64327.10614275932
ant_mop_r0_a1_0	194	0.0	0.0	5000.0	5000.0	1939999	2888.813	2888.8125	-3.5324647	-2891.9387	1264.5167	0.6944547	64668.81703400612
ant_mop_r0_a1_0	195	0.0	0.0	4727.0	5000.0	1949999	2886.967	2886.9666	-3.558304	-2890.111	1243.5107	0.6915302	65013.49977827072
ant_mop_r0_a1_0	196	0.0	0.0	2606.0	5000.0	1959999	2884.1802	2884.1802	-3.6618645	-2887.2183	1170.9268	0.69726324	65354.3659529686
ant_mop_r0_a1_0	197	0.0	0.0	2317.25	5000.0	1969999	2881.8052	2881.8047	-3.599081	-2884.9119	1132.8419	0.69751316	65689.95756340027
ant_mop_r0_a1_0	198	0.0	0.0	5000.0	5000.0	1979999	2881.066	2881.0688	-3.598702	-2884.1013	1103.123	0.69412	66023.63839840889
ant_mop_r0_a1_0	199	0.0	0.0	3448.0	5000.0	1989999	2878.6953	2878.6946	-3.5411115	-2881.8184	1216.798	0.68852794	66354.90014982224
ant_mop_r0_a1_0	200	0.0	0.0	2997.5	5000.0	1999999	2875.0977	2875.098	-3.508713	-2878.243	1256.3912	0.6877799	66691.95380973816
ant_mop_r0_a1_0	201	0.0	0.0	3438.0	5000.0	2009999	2872.0195	2872.0176	-3.477069	-2875.1252	1159.8114	0.6891068	67021.40298962593
ant_mop_r0_a1_0	202	0.0	0.0	3506.0	5000.0	2019999	2870.2703	2870.2695	-3.5393236	-2873.4016	1202.4727	0.68851936	67354.312967062
ant_mop_r0_a1_0	203	0.0	0.0	4768.0	5000.0	2029999	2867.0386	2867.038	-3.3442564	-2870.2424	1218.0787	0.6761672	67695.85942530632
ant_mop_r0_a1_0	204	0.0	0.0	3114.25	5000.0	2039999	2864.8708	2864.871	-3.5079353	-2867.9585	1106.2931	0.6897695	68043.1775662899
ant_mop_r0_a1_0	205	0.0	0.0	5000.0	5000.0	2049999	2861.8206	2861.8193	-3.39891	-2864.996	1194.4506	0.683345	68394.3303706646
ant_mop_r0_a1_0	206	0.0	0.0	3777.5	5000.0	2059999	2860.4226	2860.423	-3.4904838	-2863.535	1154.7625	0.68718374	68744.50483393669
ant_mop_r0_a1_0	207	0.0	0.0	3653.6667	5000.0	2069999	2857.594	2857.592	-3.4588878	-2860.6553	1178.618	0.68671143	69101.99319219589
ant_mop_r0_a1_0	208	0.0	0.0	4694.0	5000.0	2079999	2856.647	2856.646	-3.4639215	-2859.7937	1162.7456	0.68728966	69465.19078707695
ant_mop_r0_a1_0	209	0.0	0.0	2525.8	5000.0	2089999	2853.8987	2853.8982	-3.5339622	-2856.844	1151.1049	0.6902952	69825.4610426426
ant_mop_r0_a1_0	210	0.0	0.0	3529.6667	5000.0	2099999	2849.0715	2849.0693	-3.4288664	-2852.0745	1232.2794	0.682167	70183.44643616676
ant_mop_r0_a1_0	211	0.0	0.0	5000.0	5000.0	2109999	2845.5754	2845.575	-3.4315844	-2848.6716	1163.8795	0.68608904	70531.74156975746
ant_mop_r0_a1_0	212	0.0	0.0	5000.0	5000.0	2119999	2844.8206	2844.8218	-3.5277996	-2847.833	1116.4615	0.68251765	70883.31927323341
ant_mop_r0_a1_0	213	0.0	0.0	3266.0	5000.0	2129999	2841.9866	2841.9866	-3.494965	-2845.0962	1157.3304	0.6865552	71219.5923025608
ant_mop_r0_a1_0	214	0.0	0.0	5000.0	5000.0	2139999	2841.361	2841.36	-3.4395466	-2844.4983	1093.9728	0.68301964	71561.5907843113
ant_mop_r0_a1_0	215	0.0	0.0	4649.0	5000.0	2149999	2841.1323	2841.133	-3.536055	-2844.1543	1170.1254	0.68469036	71917.4063193798
ant_mop_r0_a1_0	216	0.0	0.0	3676.0	5000.0	2159999	2840.8384	2840.8374	-3.4695601	-2843.901	1095.0118	0.684261	72265.77885508537
ant_mop_r0_a1_0	217	0.0	0.0	3920.0	5000.0	2169999	2839.7512	2839.7517	-3.4920194	-2842.8276	1024.6306	0.6830962	72610.22283816338
ant_mop_r0_a1_0	218	0.0	0.0	3918.0	5000.0	2179999	2839.1118	2839.1108	-3.5468094	-2842.2102	954.522	0.68689346	72949.96669244766
ant_mop_r0_a1_0	219	0.0	0.0	2742.75	5000.0	2189999	2838.8342	2838.835	-3.4823956	-2841.924	1034.3503	0.67945194	73293.84864592552
ant_mop_r0_a1_0	220	0.0	0.0	2646.0	5000.0	2199999	2835.8748	2835.8738	-3.4021668	-2838.9778	1052.0223	0.6754028	73633.06452274323
ant_mop_r0_a1_0	221	0.0	0.0	4607.6665	5000.0	2209999	2835.7747	2835.7747	-3.5607772	-2838.8347	983.5395	0.6870097	73969.87880158424
ant_mop_r0_a1_0	222	0.0	0.0	2871.3333	5000.0	2219999	2836.1545	2836.1533	-3.5882208	-2839.2197	1009.69	0.68616503	74305.56624484062
ant_mop_r0_a1_0	223	0.0	0.0	2786.5	5000.0	2229999	2834.3198	2834.32	-3.4766815	-2837.3633	1138.332	0.68336415	74640.76088547707
ant_mop_r0_a1_0	224	0.0	0.0	5000.0	5000.0	2239999	2833.4192	2833.418	-3.4241536	-2836.5334	1071.8265	0.678556	74972.6715183258
ant_mop_r0_a1_0	225	0.0	0.0	5000.0	5000.0	2249999	2831.8652	2831.865	-3.461602	-2834.894	1049.8895	0.67738885	75302.20618104935
ant_mop_r0_a1_0	226	0.0	0.0	3307.0	5000.0	2259999	2831.0103	2831.0105	-3.4854114	-2834.002	1061.4976	0.68156904	75628.73195743561
ant_mop_r0_a1_0	227	0.0	0.0	4754.0	5000.0	2269999	2831.3982	2831.3984	-3.5735738	-2834.4287	928.2572	0.68729985	75962.71831965446
ant_mop_r0_a1_0	228	0.0	0.0	3211.6667	5000.0	2279999	2831.9202	2831.9207	-3.5703194	-2834.9224	989.2584	0.6851534	76301.21475434303
ant_mop_r0_a1_0	229	0.0	0.0	5000.0	5000.0	2289999	2831.4197	2831.4202	-3.434241	-2834.484	1038.4207	0.6753703	76633.46781206131
ant_mop_r0_a1_0	230	0.0	0.0	4650.5	5000.0	2299999	2832.5327	2832.533	-3.57396	-2835.5662	945.2854	0.68592566	76966.58239293098
ant_mop_r0_a1_0	231	0.0	0.0	2833.75	5000.0	2309999	2837.4966	2837.4956	-3.5823362	-2840.673	911.7397	0.68690574	77321.13147592545
ant_mop_r0_a1_0	232	0.0	0.0	2286.3333	5000.0	2319999	2844.0354	2844.036	-3.6802413	-2847.1145	878.0164	0.6911372	77682.78525733948
ant_mop_r0_a1_0	233	0.0	0.0	3829.0	5000.0	2329999	2846.3813	2846.3823	-3.548315	-2849.411	966.4239	0.6807155	78041.48442268372
ant_mop_r0_a1_0	234	0.0	0.0	2472.75	5000.0	2339999	2849.488	2849.4883	-3.421852	-2852.5945	1080.1027	0.6761588	78400.96904301643
ant_mop_r0_a1_0	235	0.0	0.0	3745.3333	5000.0	2349999	2852.2756	2852.276	-3.537549	-2855.3967	1036.2648	0.67885774	78753.21901249886
ant_mop_r0_a1_0	236	0.0	0.0	2992.3333	5000.0	2359999	2854.2231	2854.2231	-3.545443	-2857.2861	934.55	0.6816318	79118.33325648308
ant_mop_r0_a1_0	237	0.0	0.0	3104.3333	5000.0	2369999	2856.4866	2856.4868	-3.5604591	-2859.5095	931.3309	0.678709	79472.1600227356
ant_mop_r0_a1_0	238	0.0	0.0	2849.25	5000.0	2379999	2855.7126	2855.7114	-3.571983	-2858.6536	1090.0397	0.67900735	79817.45525360107
ant_mop_r0_a1_0	239	0.0	0.0	5000.0	5000.0	2389999	2853.2615	2853.2617	-3.4741502	-2856.286	1028.4327	0.6770601	80162.17604136467
ant_mop_r0_a1_0	240	0.0	0.0	3597.3333	5000.0	2399999	2852.7998	2852.8008	-3.5963237	-2855.7314	902.302	0.6811204	80505.16097259521
ant_mop_r0_a1_0	241	0.0	0.0	2117.6667	5000.0	2409999	2854.4844	2854.4827	-3.6230912	-2857.53	884.164	0.6800581	80849.93675136566
ant_mop_r0_a1_0	242	0.0	0.0	3936.6667	5000.0	2419999	2856.613	2856.613	-3.6126447	-2859.6504	869.897	0.684552	81199.32833480835
ant_mop_r0_a1_0	243	0.0	0.0	3359.6667	5000.0	2429999	2858.5105	2858.5107	-3.5680654	-2861.4963	977.8015	0.68008393	81544.82661414146
ant_mop_r0_a1_0	244	0.0	0.0	5000.0	5000.0	2439999	2859.432	2859.432	-3.56841	-2862.4124	894.3418	0.6757599	81887.6036324501
ant_mop_r0_a1_0	245	0.0	0.0	2741.6667	5000.0	2449999	2860.3506	2860.35	-3.6330757	-2863.3042	859.7539	0.6772559	82228.21074962616
ant_mop_r0_a1_0	246	0.0	0.0	3675.6667	5000.0	2459999	2859.2021	2859.2007	-3.5245109	-2862.1497	969.8728	0.67462635	82567.85707688332
ant_mop_r0_a1_0	247	0.0	0.0	5000.0	5000.0	2469999	2857.8787	2857.8787	-3.6054552	-2860.8853	869.0732	0.67791635	82899.92994427681
ant_mop_r0_a1_0	248	0.0	0.0	5000.0	5000.0	2479999	2859.9436	2859.9443	-3.6737742	-2862.9944	796.4212	0.687266	83215.16108489037
ant_mop_r0_a1_0	249	0.0	0.0	3726.3333	5000.0	2489999	2863.7227	2863.7217	-3.643223	-2866.8179	897.4042	0.68116933	83485.49111866951
ant_mop_r0_a1_0	250	0.0	0.0	4311.0	5000.0	2499999	2867.631	2867.6309	-3.6451402	-2870.6665	851.9155	0.68969333	83737.45621109009
ant_mop_r0_a1_0	251	0.0	0.0	3599.0	5000.0	2509999	2869.1626	2869.1614	-3.7805824	-2872.1848	793.39087	0.69523436	83990.21808695793
ant_mop_r0_a1_0	252	0.0	0.0	4149.5	5000.0	2519999	2871.18	2871.18	-3.6487184	-2874.1892	869.6662	0.68488646	84250.61058092117
ant_mop_r0_a1_0	253	0.0	0.0	5000.0	5000.0	2529999	2869.704	2869.704	-3.569339	-2872.6035	867.4345	0.6782279	84512.0367257595
ant_mop_r0_a1_0	254	0.0	0.0	3268.6667	5000.0	2539999	2871.1475	2871.147	-3.6393418	-2874.1772	772.2487	0.68797296	84770.12681293488
ant_mop_r0_a1_0	255	0.0	0.0	4509.0	5000.0	2549999	2873.086	2873.0872	-3.704861	-2876.0945	809.41895	0.68972605	85031.1820321083
ant_mop_r0_a1_0	256	0.0	0.0	3330.5	5000.0	2559999	2876.347	2876.347	-3.703764	-2879.2554	771.5142	0.6887444	85290.6046538353
ant_mop_r0_a1_0	257	0.0	0.0	4651.5	5000.0	2569999	2877.6667	2877.6665	-3.6209633	-2880.7595	813.7108	0.6892116	85550.22027492523
ant_mop_r0_a1_0	258	0.0	0.0	4569.3335	5000.0	2579999	2880.8755	2880.8762	-3.774182	-2883.8772	746.023	0.69448066	85810.61415314674
ant_mop_r0_a1_0	259	0.0	0.0	1819.0	5000.0	2589999	2882.291	2882.2917	-3.6173024	-2885.3513	903.2239	0.6839733	86073.6854236126
ant_mop_r0_a1_0	260	0.0	0.0	2085.0	5000.0	2599999	2883.8877	2883.889	-3.7121258	-2886.859	789.0751	0.69195443	86317.22478151321
ant_mop_r0_a1_0	261	0.0	0.0	5000.0	5000.0	2609999	2886.0205	2886.0193	-3.617229	-2889.044	866.2459	0.68199736	86519.39520263672
ant_mop_r0_a1_0	262	0.0	0.0	5000.0	5000.0	2619999	2887.195	2887.194	-3.6581242	-2890.2144	771.93695	0.68690497	86703.6414694786
ant_mop_r0_a1_0	263	0.0	0.0	3694.3333	5000.0	2629999	2890.3044	2890.3042	-3.6493886	-2893.364	845.2343	0.6859881	86880.63903307915
ant_mop_r0_a1_0	264	0.0	0.0	4018.6667	5000.0	2639999	2893.5413	2893.5405	-3.6787217	-2896.5928	745.2608	0.696073	87057.59846949577
ant_mop_r0_a1_0	265	0.0	0.0	3763.0	5000.0	2649999	2896.9001	2896.9001	-3.7474523	-2899.9006	729.4695	0.6989353	87203.09069037437
ant_mop_r0_a1_0	266	0.0	0.0	2396.0	5000.0	2659999	2900.5476	2900.548	-3.7581844	-2903.608	715.06384	0.70419484	87343.43550658226
ant_mop_r0_a1_0	267	0.0	0.0	1455.0	5000.0	2669999	2902.3232	2902.325	-3.6049793	-2905.337	879.2004	0.68995875	87483.97775173187
ant_mop_r0_a1_0	268	0.0	0.0	1603.75	5000.0	2679999	2900.7954	2900.7942	-3.5773733	-2903.767	956.9692	0.68396837	87624.63600635529
ant_mop_r0_a1_0	269	0.0	0.0	2670.0	5000.0	2689999	2901.8635	2901.8647	-3.6283555	-2904.866	911.6771	0.6909174	87764.49955201149
ant_mop_r0_a1_0	270	0.0	0.0	3003.0	5000.0	2699999	2902.523	2902.523	-3.6143095	-2905.5344	890.9178	0.6931031	87904.32595443726
ant_mop_r0_a1_0	271	0.0	0.0	5000.0	5000.0	2709999	2902.3174	2902.3186	-3.5454068	-2905.3826	1055.8221	0.68243295	88044.28651452065
ant_mop_r0_a1_0	272	0.0	0.0	5000.0	5000.0	2719999	2903.3286	2903.3276	-3.5341434	-2906.337	1007.762	0.6781059	88184.07015371323
ant_mop_r0_a1_0	273	0.0	0.0	3335.6667	5000.0	2729999	2901.12	2901.1191	-3.5530884	-2904.1333	946.055	0.6825003	88323.37711429596
ant_mop_r0_a1_0	274	0.0	0.0	3539.3333	5000.0	2739999	2902.7146	2902.714	-3.6694808	-2905.767	827.9844	0.6983288	88462.63735723495
ant_mop_r0_a1_0	275	0.0	0.0	3453.0	5000.0	2749999	2904.6223	2904.6228	-3.645361	-2907.737	879.4868	0.69587094	88602.25514054298
ant_mop_r0_a1_0	276	0.0	0.0	5000.0	5000.0	2759999	2909.9011	2909.9004	-3.6684895	-2913.037	809.4736	0.6956821	88737.61706805229
ant_mop_r0_a1_0	277	0.0	0.0	3626.6667	5000.0	2769999	2915.1914	2915.1926	-3.8545237	-2918.3079	736.4127	0.70609325	88849.0606367588
ant_mop_r0_a1_0	278	0.0	0.0	3305.0	5000.0	2779999	2919.7002	2919.7004	-3.863485	-2922.8042	689.8048	0.7123774	88959.6287946701
ant_mop_r0_a1_0	279	0.0	0.0	2504.2	5000.0	2789999	2923.8567	2923.8567	-3.8922293	-2926.946	835.4762	0.7078967	89069.59749174118
ant_mop_r0_a1_0	280	0.0	0.0	3290.0	5000.0	2799999	2924.1897	2924.19	-3.7129588	-2927.2495	897.6754	0.6973565	89180.38880443573
ant_mop_r0_a1_0	281	0.0	0.0	3342.3333	5000.0	2809999	2923.4255	2923.4272	-3.7137597	-2926.427	946.093	0.6932922	89290.90243577957
ant_mop_r0_a1_0	282	0.0	0.0	4052.6667	5000.0	2819999	2919.1707	2919.1716	-3.5558257	-2922.1577	930.3158	0.68389285	89401.22365117073
ant_mop_r0_a1_0	283	0.0	0.0	3480.0	5000.0	2829999	2919.3455	2919.345	-3.75981	-2922.38	806.1522	0.7009144	89511.03571891785
ant_mop_r0_a1_0	284	0.0	0.0	3459.3333	5000.0	2839999	2920.8293	2920.8318	-3.7272508	-2923.8823	830.211	0.69930136	89621.28370404243
ant_mop_r0_a1_0	285	0.0	0.0	3488.0	5000.0	2849999	2921.385	2921.385	-3.6361403	-2924.4229	826.139	0.69651425	89731.45590496063
ant_mop_r0_a1_0	286	0.0	0.0	3125.75	5000.0	2859999	2922.542	2922.5444	-3.6975696	-2925.5684	739.39575	0.7003669	89841.51725029945
ant_mop_r0_a1_0	287	0.0	0.0	2578.3333	5000.0	2869999	2926.463	2926.4631	-3.8347797	-2929.4746	703.5601	0.7057905	89951.74942708015
ant_mop_r0_a1_0	288	0.0	0.0	2190.1667	5000.0	2879999	2926.6816	2926.6821	-3.6864402	-2929.7036	866.6255	0.69626164	90061.95302939415
ant_mop_r0_a1_0	289	0.0	0.0	4251.0	5000.0	2889999	2927.3567	2927.3552	-3.7523623	-2930.3376	800.72833	0.69780904	90171.93790411949
ant_mop_r0_a1_0	290	0.0	0.0	2616.75	5000.0	2899999	2927.5793	2927.5793	-3.5021467	-2930.67	960.7548	0.6809799	90282.73569488525
ant_mop_r0_a1_0	291	0.0	0.0	4968.0	5000.0	2909999	2928.6697	2928.6687	-3.6420345	-2931.7693	906.4707	0.69507533	90392.79254102707
ant_mop_r0_a1_0	292	0.0	0.0	2807.25	5000.0	2919999	2928.9255	2928.9268	-3.633435	-2931.9873	878.8212	0.6901943	90503.11342763901
ant_mop_r0_a1_0	293	0.0	0.0	3061.5	5000.0	2929999	2928.3481	2928.3455	-3.601371	-2931.3723	886.6186	0.692835	90613.74378657341
ant_mop_r0_a1_0	294	0.0	0.0	3751.0	5000.0	2939999	2926.6318	2926.6338	-3.5168924	-2929.632	883.802	0.687175	90723.77638220787
ant_mop_r0_a1_0	295	0.0	0.0	3763.6667	5000.0	2949999	2923.6729	2923.6738	-3.4141638	-2926.7395	1058.2856	0.6796711	90833.93480443954
ant_mop_r0_a1_0	296	0.0	0.0	4770.0	5000.0	2959999	2921.7957	2921.7957	-3.489512	-2924.8538	981.9725	0.68961644	90944.5715110302
ant_mop_r0_a1_0	297	0.0	0.0	3364.0	5000.0	2969999	2922.799	2922.7988	-3.5351865	-2925.8848	901.1558	0.6900407	91055.08369159698
ant_mop_r0_a1_0	298	0.0	0.0	3180.3333	5000.0	2979999	2920.891	2920.8906	-3.521733	-2923.8623	881.2989	0.6866159	91165.48583364487
ant_mop_r0_a1_0	299	0.0	0.0	3426.0	5000.0	2989999	2918.773	2918.7744	-3.557312	-2921.7632	887.8226	0.68582326	91276.10339546204
ant_mop_r0_a1_0	300	0.0	0.0	1934.8	5000.0	2999999	2918.5637	2918.5627	-3.5106835	-2921.5615	859.6095	0.69034326	91386.75579619408
