Experiment Name	Epoch	EpRet	TestEpRet	EpLen	TestEpLen	TotalEnvInteracts	Q1Vals	Q2Vals	LogPi	LossPi	LossQ	std	Time
en_ran_init_ant_1f_a2_200_25_400_eg_r1_a0_eps_005_1	1	74.29851	117.4	74.29851	117.4	9999	23.711052	23.71017	561.9215	-24.32497	12.033315	1.2712655	174.31343579292297
en_ran_init_ant_1f_a2_200_25_400_eg_r1_a0_eps_005_1	2	79.04724	146.0	79.04724	146.0	19999	104.07701	104.07293	406.92368	-106.75165	136.1822	1.8283408	370.04472374916077
en_ran_init_ant_1f_a2_200_25_400_eg_r1_a0_eps_005_1	3	109.14286	155.8	109.14286	155.8	29999	189.95694	189.95663	281.49167	-192.24257	384.41663	1.5231234	603.6594359874725
en_ran_init_ant_1f_a2_200_25_400_eg_r1_a0_eps_005_1	4	164.36066	106.8	164.36066	106.8	39999	201.43477	201.43259	191.81845	-202.9982	321.19876	0.811566	841.4437651634216
en_ran_init_ant_1f_a2_200_25_400_eg_r1_a0_eps_005_1	5	167.71187	186.2	167.71187	186.2	49999	187.329	187.32861	105.21384	-188.6656	214.91707	0.0035449895	1083.9599595069885
en_ran_init_ant_1f_a2_200_25_400_eg_r1_a0_eps_005_1	6	160.04762	204.6	160.04762	204.6	59999	167.4923	167.49112	106.52262	-168.4019	161.3594	0.0015961641	1328.3754661083221
en_ran_init_ant_1f_a2_200_25_400_eg_r1_a0_eps_005_1	7	163.01639	152.6	163.01639	152.6	69999	144.9252	144.92244	111.21934	-145.6395	124.828514	0.0011538429	1573.534027338028
en_ran_init_ant_1f_a2_200_25_400_eg_r1_a0_eps_005_1	8	148.35822	157.6	148.35822	157.6	79999	133.71603	133.71515	115.294754	-134.32297	134.67725	0.0007590795	1818.8993413448334
en_ran_init_ant_1f_a2_200_25_400_eg_r1_a0_eps_005_1	9	122.07229	156.6	122.07229	156.6	89999	133.00896	133.00941	123.024086	-133.71541	148.89308	0.00037763693	2064.3656442165375
en_ran_init_ant_1f_a2_200_25_400_eg_r1_a0_eps_005_1	10	155.8125	170.0	155.8125	170.0	99999	140.94566	140.94032	126.99304	-141.65475	199.3326	0.0005207015	2310.1786839962006
en_ran_init_ant_1f_a2_200_25_400_eg_r1_a0_eps_005_1	11	152.72728	189.6	152.72728	189.6	109999	150.20354	150.19867	127.0769	-150.99596	250.61258	0.00033572034	2556.523645401001
en_ran_init_ant_1f_a2_200_25_400_eg_r1_a0_eps_005_1	12	129.05263	198.0	129.05263	198.0	119999	165.11227	165.11012	126.28035	-165.91765	349.48434	0.00043528143	2803.08389377594
en_ran_init_ant_1f_a2_200_25_400_eg_r1_a0_eps_005_1	13	179.30357	380.8	179.30357	380.8	129999	179.71165	179.71005	111.91522	-180.655	399.11166	0.0015725635	3053.4709861278534
en_ran_init_ant_1f_a2_200_25_400_eg_r1_a0_eps_005_1	14	196.11765	255.8	196.11765	255.8	139999	198.69577	198.69255	120.84686	-199.8511	453.5584	0.00065253564	3308.2886130809784
en_ran_init_ant_1f_a2_200_25_400_eg_r1_a0_eps_005_1	15	165.88333	241.8	165.88333	241.8	149999	220.76318	220.76488	124.90562	-222.08945	533.3696	0.00042093586	3565.568837404251
en_ran_init_ant_1f_a2_200_25_400_eg_r1_a0_eps_005_1	16	231.47728	72.2	231.47728	72.2	159999	241.50986	241.5102	127.67062	-242.972	669.2939	0.00035240228	3818.7193779945374
en_ran_init_ant_1f_a2_200_25_400_eg_r1_a0_eps_005_1	17	210.36171	116.2	210.36171	116.2	169999	266.10782	266.10895	134.96219	-267.85855	792.9568	0.00018892385	4074.471140384674
en_ran_init_ant_1f_a2_200_25_400_eg_r1_a0_eps_005_1	18	168.29825	114.6	168.29825	114.6	179999	293.94272	293.9451	143.12529	-295.95312	994.5242	0.00013827223	4332.834230184555
en_ran_init_ant_1f_a2_200_25_400_eg_r1_a0_eps_005_1	19	287.2857	296.6	287.2857	296.6	189999	321.9859	321.9859	144.04231	-324.14285	1222.836	0.00011466662	4593.017635583878
en_ran_init_ant_1f_a2_200_25_400_eg_r1_a0_eps_005_1	20	336.41934	199.0	336.41934	199.0	199999	350.2341	350.236	148.66315	-352.57578	1381.0752	7.468485e-05	4848.873436927795
en_ran_init_ant_1f_a2_200_25_400_eg_r1_a0_eps_005_1	21	304.0606	411.6	304.0606	411.6	209999	383.72552	383.72424	153.62106	-386.4108	1619.0526	7.954477e-05	5101.126135349274
en_ran_init_ant_1f_a2_200_25_400_eg_r1_a0_eps_005_1	22	395.68	329.6	395.68	329.6	219999	432.3655	432.36557	152.68018	-435.5068	1991.1116	0.000106782034	5351.914706707001
en_ran_init_ant_1f_a2_200_25_400_eg_r1_a0_eps_005_1	23	438.04544	790.6	438.04544	790.6	229999	490.0145	490.0157	155.75626	-493.5632	2449.0356	8.016875e-05	5616.2215275764465
en_ran_init_ant_1f_a2_200_25_400_eg_r1_a0_eps_005_1	24	286.46667	224.4	286.46667	224.4	239999	540.3355	540.342	160.3378	-544.1461	2844.8435	0.00012634511	5867.778739452362
en_ran_init_ant_1f_a2_200_25_400_eg_r1_a0_eps_005_1	25	786.4	962.8	786.4	962.8	249999	599.48004	599.48083	160.91457	-603.6891	3526.1724	0.00020971124	6136.572272062302
en_ran_init_ant_1f_a2_200_25_400_eg_r1_a0_eps_005_1	26	421.31818	710.2	421.31818	710.2	259999	661.15393	661.1602	161.59343	-665.7684	4089.0847	0.00013858142	6406.085560798645
en_ran_init_ant_1f_a2_200_25_400_eg_r1_a0_eps_005_1	27	716.6	825.8	716.6	825.8	269999	727.4678	727.47095	163.19975	-732.3173	4550.7246	8.818656e-05	6675.182139873505
en_ran_init_ant_1f_a2_200_25_400_eg_r1_a0_eps_005_1	28	611.6875	377.0	611.6875	377.0	279999	790.1538	790.16016	169.98466	-795.67694	5203.086	3.4922712e-05	6933.928421258926
en_ran_init_ant_1f_a2_200_25_400_eg_r1_a0_eps_005_1	29	430.6111	925.8	430.6111	925.8	289999	856.6522	856.65826	167.16916	-862.5841	5817.7446	5.9984213e-05	7204.825090646744
en_ran_init_ant_1f_a2_200_25_400_eg_r1_a0_eps_005_1	30	1517.875	368.0	1517.875	368.0	299999	924.1259	924.1284	165.74916	-930.3711	6221.4746	0.000102603124	7461.116760730743
en_ran_init_ant_1f_a2_200_25_400_eg_r1_a0_eps_005_1	31	709.75	1041.8	709.75	1041.8	309999	978.62756	978.6297	168.58182	-985.2794	6588.251	8.8769615e-05	7729.821269273758
en_ran_init_ant_1f_a2_200_25_400_eg_r1_a0_eps_005_1	32	887.3077	574.6	887.3077	574.6	319999	1041.7979	1041.8042	171.4496	-1048.754	7031.678	4.3115866e-05	7988.6358251571655
en_ran_init_ant_1f_a2_200_25_400_eg_r1_a0_eps_005_1	33	1113.25	932.6	1113.25	932.6	329999	1115.339	1115.3424	174.38841	-1122.8126	7507.451	2.7843978e-05	8255.453287363052
en_ran_init_ant_1f_a2_200_25_400_eg_r1_a0_eps_005_1	34	1175.125	1500.2	1175.125	1500.2	339999	1181.4862	1181.4867	173.36427	-1189.0294	7879.1265	4.563147e-05	8533.347826242447
en_ran_init_ant_1f_a2_200_25_400_eg_r1_a0_eps_005_1	35	970.6667	1313.6	970.6667	1313.6	349999	1241.4508	1241.4536	176.13039	-1249.2917	8199.71	5.962919e-05	8805.417840480804
en_ran_init_ant_1f_a2_200_25_400_eg_r1_a0_eps_005_1	36	691.2	630.8	691.2	630.8	359999	1297.3865	1297.3933	175.48363	-1305.2886	8606.842	5.669028e-05	9064.653985738754
en_ran_init_ant_1f_a2_200_25_400_eg_r1_a0_eps_005_1	37	751.9231	1703.8	751.9231	1703.8	369999	1336.9966	1337.0035	176.70703	-1345.0568	8853.958	8.776303e-05	9346.988523721695
en_ran_init_ant_1f_a2_200_25_400_eg_r1_a0_eps_005_1	38	893.0909	1135.0	893.0909	1135.0	379999	1388.5548	1388.5586	177.9249	-1396.4812	9051.38	3.8087728e-05	9617.02109670639
en_ran_init_ant_1f_a2_200_25_400_eg_r1_a0_eps_005_1	39	1439.5714	1776.8	1439.5714	1776.8	389999	1417.4009	1417.3986	180.94864	-1425.0267	8752.425	2.2100128e-05	9899.182674407959
en_ran_init_ant_1f_a2_200_25_400_eg_r1_a0_eps_005_1	40	1340.2858	2115.8	1340.2858	2115.8	399999	1437.2473	1437.2552	181.10678	-1444.6194	8443.097	2.7132653e-05	10188.345338821411
en_ran_init_ant_1f_a2_200_25_400_eg_r1_a0_eps_005_1	41	1039.6666	306.4	1039.6666	306.4	409999	1453.1794	1453.183	181.56036	-1460.4062	8236.418	3.094916e-05	10440.14775300026
en_ran_init_ant_1f_a2_200_25_400_eg_r1_a0_eps_005_1	42	2113.0	1506.0	2113.0	1506.0	419999	1477.1664	1477.1678	180.39597	-1484.2758	8371.573	2.2614815e-05	10715.54303264618
en_ran_init_ant_1f_a2_200_25_400_eg_r1_a0_eps_005_1	43	2090.6	1526.4	2090.6	1526.4	429999	1501.7832	1501.7816	181.14362	-1509.0433	8041.2026	7.372375e-06	10993.467848777771
en_ran_init_ant_1f_a2_200_25_400_eg_r1_a0_eps_005_1	44	1740.6666	3495.8	1740.6666	3495.8	439999	1511.8674	1511.8748	181.24922	-1518.5901	7612.813	4.5119004e-06	11311.238769769669
en_ran_init_ant_1f_a2_200_25_400_eg_r1_a0_eps_005_1	45	1280.7142	1344.4	1280.7142	1344.4	449999	1517.0547	1517.057	182.30566	-1523.6476	7295.9033	4.1722205e-06	11583.88792681694
en_ran_init_ant_1f_a2_200_25_400_eg_r1_a0_eps_005_1	46	1216.3334	1219.0	1216.3334	1219.0	459999	1518.474	1518.4797	182.51253	-1525.0404	7075.583	5.6628473e-05	11853.634727954865
en_ran_init_ant_1f_a2_200_25_400_eg_r1_a0_eps_005_1	47	2004.4	1941.4	2004.4	1941.4	469999	1522.3376	1522.3373	180.41412	-1528.6368	6757.4263	7.3990035e-05	12138.799901485443
en_ran_init_ant_1f_a2_200_25_400_eg_r1_a0_eps_005_1	48	1802.2	2471.2	1802.2	2471.2	479999	1532.0332	1532.0339	180.12187	-1538.0709	6609.195	5.8417092e-05	12435.48665356636
en_ran_init_ant_1f_a2_200_25_400_eg_r1_a0_eps_005_1	49	1074.7778	2677.8	1074.7778	2677.8	489999	1537.969	1537.9657	180.81223	-1543.6871	6250.3193	1.0872933e-05	12734.46744966507
en_ran_init_ant_1f_a2_200_25_400_eg_r1_a0_eps_005_1	50	1340.0	2619.0	1340.0	2619.0	499999	1543.1418	1543.1366	181.69919	-1548.8154	6008.9487	8.038404e-06	13033.894807100296
en_ran_init_ant_1f_a2_200_25_400_eg_r1_a0_eps_005_1	51	1918.3334	2071.6	1918.3334	2071.6	509999	1546.4872	1546.4844	181.28104	-1552.0079	5827.9106	7.015796e-06	13322.257942438126
en_ran_init_ant_1f_a2_200_25_400_eg_r1_a0_eps_005_1	52	1470.2858	2168.2	1470.2858	2168.2	519999	1543.1805	1543.1797	179.59839	-1548.2311	5578.0767	7.5898142e-06	13611.168935537338
en_ran_init_ant_1f_a2_200_25_400_eg_r1_a0_eps_005_1	53	1126.2858	2460.2	1126.2858	2460.2	529999	1533.8856	1533.887	178.85811	-1538.8628	5345.209	3.9144903e-05	13908.012978315353
en_ran_init_ant_1f_a2_200_25_400_eg_r1_a0_eps_005_1	54	1270.0	1129.8	1270.0	1129.8	539999	1530.1846	1530.182	178.00099	-1534.9924	5252.5137	7.749785e-05	14177.221581459045
en_ran_init_ant_1f_a2_200_25_400_eg_r1_a0_eps_005_1	55	1796.5	1809.0	1796.5	1809.0	549999	1522.5713	1522.5754	179.44969	-1527.274	5101.777	2.9343033e-05	14458.805447816849
en_ran_init_ant_1f_a2_200_25_400_eg_r1_a0_eps_005_1	56	1439.1428	2970.4	1439.1428	2970.4	559999	1517.7568	1517.7542	180.36963	-1522.2012	4753.5073	1.2368338e-05	14764.150210380554
en_ran_init_ant_1f_a2_200_25_400_eg_r1_a0_eps_005_1	57	1865.6	2900.4	1865.6	2900.4	569999	1508.94	1508.9412	178.75687	-1513.2291	4840.169	2.4802199e-05	15067.93406176567
en_ran_init_ant_1f_a2_200_25_400_eg_r1_a0_eps_005_1	58	1439.2	943.8	1439.2	943.8	579999	1502.5364	1502.5414	176.86368	-1506.5477	4584.7593	2.495071e-05	15332.38462972641
en_ran_init_ant_1f_a2_200_25_400_eg_r1_a0_eps_005_1	59	1019.9167	1211.0	1019.9167	1211.0	589999	1490.8085	1490.8082	175.53307	-1494.6873	4514.124	2.8441293e-05	15601.972160816193
en_ran_init_ant_1f_a2_200_25_400_eg_r1_a0_eps_005_1	60	1104.4445	2660.8	1104.4445	2660.8	599999	1467.8657	1467.8634	174.96143	-1471.2458	4228.762	1.952945e-05	15903.403504610062
en_ran_init_ant_1f_a2_200_25_400_eg_r1_a0_eps_005_1	61	1743.6666	3759.0	1743.6666	3759.0	609999	1440.4857	1440.4816	173.9572	-1443.9392	4181.2886	0.0002921846	16225.359232187271
en_ran_init_ant_1f_a2_200_25_400_eg_r1_a0_eps_005_1	62	1419.5	1109.6	1419.5	1109.6	619999	1424.2466	1424.2449	170.20448	-1427.6313	4072.1572	6.137886e-05	16489.191408872604
en_ran_init_ant_1f_a2_200_25_400_eg_r1_a0_eps_005_1	63	1167.0	1608.2	1167.0	1608.2	629999	1414.3339	1414.3339	171.84467	-1417.6154	3913.443	4.1787567e-05	16765.035281419754
en_ran_init_ant_1f_a2_200_25_400_eg_r1_a0_eps_005_1	64	1443.25	1526.2	1443.25	1526.2	639999	1399.583	1399.5822	174.05072	-1402.8376	3911.6553	5.5861343e-05	17038.82647252083
en_ran_init_ant_1f_a2_200_25_400_eg_r1_a0_eps_005_1	65	1450.1428	2196.2	1450.1428	2196.2	649999	1393.3363	1393.3374	174.07715	-1396.5619	3774.817	4.1406925e-05	17329.66575551033
en_ran_init_ant_1f_a2_200_25_400_eg_r1_a0_eps_005_1	66	1943.6	4732.4	1943.6	4732.4	659999	1388.0367	1388.0413	172.66277	-1391.063	3808.9563	4.518895e-05	17668.777059793472
en_ran_init_ant_1f_a2_200_25_400_eg_r1_a0_eps_005_1	67	1080.75	1724.0	1080.75	1724.0	669999	1386.0944	1386.0925	173.33516	-1389.0157	3763.9963	2.0706708e-05	17948.38830447197
en_ran_init_ant_1f_a2_200_25_400_eg_r1_a0_eps_005_1	68	2418.3333	1539.0	2418.3333	1539.0	679999	1390.2224	1390.2268	174.17033	-1393.2216	3723.366	6.278729e-05	18220.19980955124
en_ran_init_ant_1f_a2_200_25_400_eg_r1_a0_eps_005_1	69	1979.8334	3000.6	1979.8334	3000.6	689999	1393.4114	1393.412	175.05101	-1396.3347	3740.7952	4.0126997e-05	18521.34016084671
en_ran_init_ant_1f_a2_200_25_400_eg_r1_a0_eps_005_1	70	1975.6666	1113.6	1975.6666	1113.6	699999	1396.7335	1396.7349	174.61781	-1399.6207	3650.9768	6.1149316e-05	18786.57368016243
en_ran_init_ant_1f_a2_200_25_400_eg_r1_a0_eps_005_1	71	2426.5	1964.0	2426.5	1964.0	709999	1395.35	1395.3523	177.8721	-1398.1508	3565.178	6.1805135e-06	19069.139855623245
en_ran_init_ant_1f_a2_200_25_400_eg_r1_a0_eps_005_1	72	3005.0	3070.4	3005.0	3070.4	719999	1391.061	1391.0619	178.78043	-1393.686	3421.8784	3.1535876e-06	19375.097148895264
en_ran_init_ant_1f_a2_200_25_400_eg_r1_a0_eps_005_1	73	3210.6667	2213.6	3210.6667	2213.6	729999	1390.4886	1390.4921	178.69876	-1393.1848	3397.1145	7.965559e-06	19664.6441385746
en_ran_init_ant_1f_a2_200_25_400_eg_r1_a0_eps_005_1	74	1792.7142	2611.2	1792.7142	2611.2	739999	1392.6447	1392.6497	178.12816	-1395.3196	3327.397	6.4618207e-06	19960.756500959396
en_ran_init_ant_1f_a2_200_25_400_eg_r1_a0_eps_005_1	75	1924.0	1767.2	1924.0	1767.2	749999	1387.8467	1387.8481	177.76721	-1390.3444	3287.0205	1.2479078e-05	20238.640605926514
en_ran_init_ant_1f_a2_200_25_400_eg_r1_a0_eps_005_1	76	2495.75	4318.4	2495.75	4318.4	759999	1389.1533	1389.1543	178.4192	-1391.6876	3305.7932	8.473727e-06	20572.760790109634
en_ran_init_ant_1f_a2_200_25_400_eg_r1_a0_eps_005_1	77	1409.8334	3566.6	1409.8334	3566.6	769999	1394.3279	1394.3322	179.1363	-1396.8834	3195.152	6.9662115e-06	20887.176043987274
en_ran_init_ant_1f_a2_200_25_400_eg_r1_a0_eps_005_1	78	2063.3333	2575.0	2063.3333	2575.0	779999	1401.5731	1401.5715	178.41478	-1404.0553	3132.888	1.4502186e-05	21177.94361948967
en_ran_init_ant_1f_a2_200_25_400_eg_r1_a0_eps_005_1	79	1745.25	2714.0	1745.25	2714.0	789999	1405.6783	1405.6819	175.4629	-1408.0962	3239.9482	3.38884e-05	21473.715411663055
en_ran_init_ant_1f_a2_200_25_400_eg_r1_a0_eps_005_1	80	2359.0	1877.6	2359.0	1877.6	799999	1404.183	1404.181	175.03572	-1406.5137	3153.481	1.4285625e-05	21752.71122288704
en_ran_init_ant_1f_a2_200_25_400_eg_r1_a0_eps_005_1	81	1938.3334	3728.2	1938.3334	3728.2	809999	1407.8956	1407.8942	175.99303	-1410.3193	3173.8228	1.0938151e-05	22068.15796637535
en_ran_init_ant_1f_a2_200_25_400_eg_r1_a0_eps_005_1	82	1861.3334	114.2	1861.3334	114.2	819999	1414.9335	1414.937	176.63246	-1417.4324	3131.637	1.0266491e-05	22311.864567041397
en_ran_init_ant_1f_a2_200_25_400_eg_r1_a0_eps_005_1	83	2755.25	1529.4	2755.25	1529.4	829999	1420.4359	1420.4381	177.09708	-1422.8848	3108.705	8.122631e-06	22583.32411122322
en_ran_init_ant_1f_a2_200_25_400_eg_r1_a0_eps_005_1	84	2893.25	2592.0	2893.25	2592.0	839999	1432.4832	1432.4841	178.23099	-1435.0724	3328.6155	6.348288e-06	22878.444503068924
en_ran_init_ant_1f_a2_200_25_400_eg_r1_a0_eps_005_1	85	2652.0	1992.4	2652.0	1992.4	849999	1443.937	1443.9424	179.82883	-1446.3938	3285.975	5.9277963e-06	23155.978917837143
en_ran_init_ant_1f_a2_200_25_400_eg_r1_a0_eps_005_1	86	2026.0	2132.4	2026.0	2132.4	859999	1456.4873	1456.4818	177.25438	-1458.9644	3181.2627	2.5442496e-05	23439.314710378647
en_ran_init_ant_1f_a2_200_25_400_eg_r1_a0_eps_005_1	87	3740.5	2714.4	3740.5	2714.4	869999	1469.2823	1469.2833	179.62964	-1471.7794	3158.463	3.088256e-05	23735.6651597023
en_ran_init_ant_1f_a2_200_25_400_eg_r1_a0_eps_005_1	88	3782.6667	1921.2	3782.6667	1921.2	879999	1478.1141	1478.1172	182.04633	-1480.582	3188.8503	1.321828e-05	24016.86050248146
en_ran_init_ant_1f_a2_200_25_400_eg_r1_a0_eps_005_1	89	2717.0	1496.2	2717.0	1496.2	889999	1489.1143	1489.1174	180.48051	-1491.6603	3241.3567	1.0337295e-05	24285.858985185623
en_ran_init_ant_1f_a2_200_25_400_eg_r1_a0_eps_005_1	90	2464.6	3956.6	2464.6	3956.6	899999	1499.6512	1499.6512	182.1038	-1502.0758	3043.1968	5.4418565e-06	24607.20515847206
en_ran_init_ant_1f_a2_200_25_400_eg_r1_a0_eps_005_1	91	5000.0	2770.2	5000.0	2770.2	909999	1506.016	1506.015	181.4271	-1508.5319	3061.2163	8.1298e-06	24904.906230449677
en_ran_init_ant_1f_a2_200_25_400_eg_r1_a0_eps_005_1	92	2838.3333	3697.0	2838.3333	3697.0	919999	1514.4824	1514.4814	180.78708	-1516.9825	3089.3494	6.4966676e-05	25221.867755413055
en_ran_init_ant_1f_a2_200_25_400_eg_r1_a0_eps_005_1	93	4044.0	4240.4	4044.0	4240.4	929999	1514.886	1514.8873	180.68771	-1517.1357	2927.2932	1.9982854e-05	25546.89392018318
en_ran_init_ant_1f_a2_200_25_400_eg_r1_a0_eps_005_1	94	5000.0	3823.4	5000.0	3823.4	939999	1504.5066	1504.5071	182.40436	-1506.4493	2829.2249	6.7536184e-06	25863.36985850334
en_ran_init_ant_1f_a2_200_25_400_eg_r1_a0_eps_005_1	95	4503.5	3049.4	4503.5	3049.4	949999	1491.1307	1491.1345	181.34416	-1493.0612	2804.837	1.0056094e-05	26166.691517829895
en_ran_init_ant_1f_a2_200_25_400_eg_r1_a0_eps_005_1	96	3081.0	858.0	3081.0	858.0	959999	1478.9163	1478.9099	180.00232	-1480.7676	2704.5132	1.4788737e-05	26420.70319724083
en_ran_init_ant_1f_a2_200_25_400_eg_r1_a0_eps_005_1	97	4097.6665	3739.6	4097.6665	3739.6	969999	1468.3893	1468.3938	184.08418	-1470.263	2664.2896	1.47530745e-05	26735.02746605873
en_ran_init_ant_1f_a2_200_25_400_eg_r1_a0_eps_005_1	98	2031.8	2645.0	2031.8	2645.0	979999	1458.0295	1458.0298	183.55214	-1459.8245	2538.2993	1.9789974e-05	27026.51913166046
en_ran_init_ant_1f_a2_200_25_400_eg_r1_a0_eps_005_1	99	2249.0	2606.4	2249.0	2606.4	989999	1451.1283	1451.1285	183.31415	-1453.0492	2502.4412	5.6911013e-06	27317.69307565689
en_ran_init_ant_1f_a2_200_25_400_eg_r1_a0_eps_005_1	100	3370.0	2783.0	3370.0	2783.0	999999	1443.8547	1443.8558	183.96016	-1445.494	2486.7693	6.1649034e-06	27610.504099607468
en_ran_init_ant_1f_a2_200_25_400_eg_r1_a0_eps_005_1	101	2031.2	1295.0	2031.2	1295.0	1009999	1436.9645	1436.9647	185.90738	-1438.6063	2533.6506	4.351072e-06	27878.873699188232
en_ran_init_ant_1f_a2_200_25_400_eg_r1_a0_eps_005_1	102	3287.3333	1571.4	3287.3333	1571.4	1019999	1432.0177	1432.0176	186.06549	-1433.4413	2359.0474	1.23659065e-05	28149.649632692337
en_ran_init_ant_1f_a2_200_25_400_eg_r1_a0_eps_005_1	103	3526.0	1911.0	3526.0	1911.0	1029999	1427.1257	1427.1257	185.85464	-1428.385	2188.0889	3.6684417e-06	28427.564445734024
en_ran_init_ant_1f_a2_200_25_400_eg_r1_a0_eps_005_1	104	2997.3333	2698.4	2997.3333	2698.4	1039999	1424.5734	1424.572	185.86554	-1425.7146	2140.7815	3.949442e-05	28722.984169006348
en_ran_init_ant_1f_a2_200_25_400_eg_r1_a0_eps_005_1	105	2800.0	1443.2	2800.0	1443.2	1049999	1425.1641	1425.1671	187.01097	-1426.2625	2130.5625	1.5758988e-05	28991.68346452713
en_ran_init_ant_1f_a2_200_25_400_eg_r1_a0_eps_005_1	106	1243.5	3403.8	1243.5	3403.8	1059999	1426.8987	1426.9003	185.31122	-1427.9775	2126.433	3.163084e-05	29303.16389155388
en_ran_init_ant_1f_a2_200_25_400_eg_r1_a0_eps_005_1	107	1711.6	4166.8	1711.6	4166.8	1069999	1434.2686	1434.2687	186.99594	-1435.259	2028.5796	2.7149836e-05	29626.912650108337
en_ran_init_ant_1f_a2_200_25_400_eg_r1_a0_eps_005_1	108	2868.5	3315.4	2868.5	3315.4	1079999	1440.1403	1440.1382	182.80206	-1441.069	2062.6863	1.4189834e-05	29934.51205778122
en_ran_init_ant_1f_a2_200_25_400_eg_r1_a0_eps_005_1	109	1448.6	3393.2	1448.6	3393.2	1089999	1448.1248	1448.1261	181.5382	-1449.0485	1996.964	9.651924e-06	30243.773686647415
en_ran_init_ant_1f_a2_200_25_400_eg_r1_a0_eps_005_1	110	1381.8334	3971.6	1381.8334	3971.6	1099999	1456.4736	1456.4723	182.8256	-1457.2816	1939.1896	7.3447964e-06	30565.09362602234
en_ran_init_ant_1f_a2_200_25_400_eg_r1_a0_eps_005_1	111	1595.6666	3033.0	1595.6666	3033.0	1109999	1466.4749	1466.4761	184.33939	-1467.1428	1992.7836	2.274516e-06	30867.0829308033
en_ran_init_ant_1f_a2_200_25_400_eg_r1_a0_eps_005_1	112	3638.0	1501.2	3638.0	1501.2	1119999	1473.8505	1473.8506	184.43605	-1474.4202	1943.3104	9.749205e-07	31138.35608649254
en_ran_init_ant_1f_a2_200_25_400_eg_r1_a0_eps_005_1	113	3499.0	2073.6	3499.0	2073.6	1129999	1482.7311	1482.7295	185.3061	-1483.1663	1784.432	4.6882369e-07	31419.989121437073
en_ran_init_ant_1f_a2_200_25_400_eg_r1_a0_eps_005_1	114	4006.0	3018.2	4006.0	3018.2	1139999	1488.4833	1488.4878	185.3087	-1488.986	1734.301	5.5848286e-06	31718.937831640244
en_ran_init_ant_1f_a2_200_25_400_eg_r1_a0_eps_005_1	115	1621.0	1526.2	1621.0	1526.2	1149999	1489.5013	1489.4984	183.46559	-1489.7594	1716.0135	3.3770614e-06	31990.738873243332
en_ran_init_ant_1f_a2_200_25_400_eg_r1_a0_eps_005_1	116	2611.6	995.0	2611.6	995.0	1159999	1485.9098	1485.9108	183.98245	-1486.0936	1647.6674	8.628416e-07	32255.571635723114
en_ran_init_ant_1f_a2_200_25_400_eg_r1_a0_eps_005_1	117	2507.0	1252.0	2507.0	1252.0	1169999	1489.6678	1489.6707	186.32419	-1489.9376	1563.2822	9.841498e-07	32524.36857509613
en_ran_init_ant_1f_a2_200_25_400_eg_r1_a0_eps_005_1	118	3599.0	1437.8	3599.0	1437.8	1179999	1496.1255	1496.127	186.89151	-1496.2917	1605.7205	3.3695233e-06	32794.56942844391
en_ran_init_ant_1f_a2_200_25_400_eg_r1_a0_eps_005_1	119	2258.2	4235.0	2258.2	4235.0	1189999	1503.7302	1503.7358	186.00174	-1504.049	1536.0714	1.0156168e-06	33123.99477171898
en_ran_init_ant_1f_a2_200_25_400_eg_r1_a0_eps_005_1	120	2757.0	3170.4	2757.0	3170.4	1199999	1520.2897	1520.2944	186.96825	-1520.659	1542.5609	1.517674e-06	33429.99859046936
en_ran_init_ant_1f_a2_200_25_400_eg_r1_a0_eps_005_1	121	3671.5	2306.8	3671.5	2306.8	1209999	1529.5969	1529.5977	185.9787	-1529.6569	1562.5873	1.5697024e-05	33717.10940742493
en_ran_init_ant_1f_a2_200_25_400_eg_r1_a0_eps_005_1	122	1759.1428	2648.8	1759.1428	2648.8	1219999	1536.3468	1536.3468	185.93848	-1536.5182	1493.7218	7.804361e-06	34014.82090806961
en_ran_init_ant_1f_a2_200_25_400_eg_r1_a0_eps_005_1	123	2092.5	738.0	2092.5	738.0	1229999	1545.2867	1545.2866	183.7356	-1545.418	1437.18	9.465054e-06	34269.269765377045
en_ran_init_ant_1f_a2_200_25_400_eg_r1_a0_eps_005_1	124	2238.0	2373.4	2238.0	2373.4	1239999	1552.938	1552.939	185.89848	-1552.9604	1414.5894	4.793955e-06	34559.58558869362
en_ran_init_ant_1f_a2_200_25_400_eg_r1_a0_eps_005_1	125	3660.6667	1533.0	3660.6667	1533.0	1249999	1552.8547	1552.8582	182.8181	-1552.8398	1456.5342	1.0957966e-05	34833.17410135269
en_ran_init_ant_1f_a2_200_25_400_eg_r1_a0_eps_005_1	126	2585.6667	2115.4	2585.6667	2115.4	1259999	1555.9259	1555.925	182.63937	-1555.879	1352.1407	5.0709846e-06	35114.550820827484
en_ran_init_ant_1f_a2_200_25_400_eg_r1_a0_eps_005_1	127	5000.0	1658.4	5000.0	1658.4	1269999	1552.7303	1552.7307	182.47885	-1552.6102	1294.8182	1.7854402e-06	35387.157222270966
en_ran_init_ant_1f_a2_200_25_400_eg_r1_a0_eps_005_1	128	3764.3333	488.2	3764.3333	488.2	1279999	1551.3213	1551.3219	184.49422	-1551.2028	1209.1008	1.9125243e-06	35638.44001030922
en_ran_init_ant_1f_a2_200_25_400_eg_r1_a0_eps_005_1	129	1831.0	4474.8	1831.0	4474.8	1289999	1549.661	1549.6611	182.06918	-1549.702	1221.1018	2.5947568e-06	35972.687413454056
en_ran_init_ant_1f_a2_200_25_400_eg_r1_a0_eps_005_1	130	3374.0	2164.6	3374.0	2164.6	1299999	1548.1172	1548.1201	183.75813	-1547.9623	1152.7173	2.7795616e-06	36259.013494968414
en_ran_init_ant_1f_a2_200_25_400_eg_r1_a0_eps_005_1	131	3304.25	2096.2	3304.25	2096.2	1309999	1544.12	1544.1207	183.22221	-1543.9948	1115.3842	3.5799912e-06	36543.055571079254
en_ran_init_ant_1f_a2_200_25_400_eg_r1_a0_eps_005_1	132	2041.6	295.8	2041.6	295.8	1319999	1536.721	1536.7195	185.1285	-1536.5323	1064.0387	2.292179e-06	36788.41858816147
en_ran_init_ant_1f_a2_200_25_400_eg_r1_a0_eps_005_1	133	3335.3333	2427.0	3335.3333	2427.0	1329999	1529.2621	1529.2615	183.33293	-1529.1982	1052.6382	2.8647576e-06	37079.04539132118
en_ran_init_ant_1f_a2_200_25_400_eg_r1_a0_eps_005_1	134	2229.25	3792.8	2229.25	3792.8	1339999	1528.7698	1528.7666	184.92021	-1528.7037	1014.6126	3.8709773e-06	37396.557488679886
en_ran_init_ant_1f_a2_200_25_400_eg_r1_a0_eps_005_1	135	2232.2	429.2	2232.2	429.2	1349999	1529.4227	1529.4246	184.33328	-1529.3994	1061.184	6.2409945e-06	37649.281342983246
en_ran_init_ant_1f_a2_200_25_400_eg_r1_a0_eps_005_1	136	2759.0	1246.4	2759.0	1246.4	1359999	1524.3507	1524.3524	185.1891	-1524.3096	967.0494	3.3005788e-06	37919.46129846573
en_ran_init_ant_1f_a2_200_25_400_eg_r1_a0_eps_005_1	137	1415.0	3412.0	1415.0	3412.0	1369999	1519.3126	1519.3152	182.4847	-1519.2418	963.8576	2.650063e-06	38233.37341809273
en_ran_init_ant_1f_a2_200_25_400_eg_r1_a0_eps_005_1	138	2836.5	3147.0	2836.5	3147.0	1379999	1516.6062	1516.6055	181.92139	-1516.5397	941.4383	6.4941787e-06	38541.58239555359
en_ran_init_ant_1f_a2_200_25_400_eg_r1_a0_eps_005_1	139	1199.2	1107.6	1199.2	1107.6	1389999	1513.6243	1513.6248	182.4153	-1513.534	969.2354	6.6894277e-06	38804.60502624512
en_ran_init_ant_1f_a2_200_25_400_eg_r1_a0_eps_005_1	140	5000.0	2654.2	5000.0	2654.2	1399999	1509.4539	1509.4568	182.21422	-1509.2634	955.6362	5.4860695e-05	39102.864792108536
en_ran_init_ant_1f_a2_200_25_400_eg_r1_a0_eps_005_1	141	1798.0	2068.4	1798.0	2068.4	1409999	1509.7449	1509.7458	179.63403	-1509.5645	975.4395	0.00010198422	39388.86030936241
en_ran_init_ant_1f_a2_200_25_400_eg_r1_a0_eps_005_1	142	1838.4	2538.6	1838.4	2538.6	1419999	1504.0236	1504.0232	179.94687	-1503.7582	935.4663	5.8651774e-05	39683.327068805695
en_ran_init_ant_1f_a2_200_25_400_eg_r1_a0_eps_005_1	143	2312.6667	1837.2	2312.6667	1837.2	1429999	1494.0079	1494.0082	180.64984	-1493.7471	913.214	3.517922e-05	39963.28119921684
en_ran_init_ant_1f_a2_200_25_400_eg_r1_a0_eps_005_1	144	5000.0	1354.8	5000.0	1354.8	1439999	1489.2706	1489.2731	183.24384	-1489.0524	918.0004	3.3197713e-05	40232.89551758766
en_ran_init_ant_1f_a2_200_25_400_eg_r1_a0_eps_005_1	145	3220.0	2877.8	3220.0	2877.8	1449999	1485.381	1485.3801	181.25551	-1485.1003	948.1946	2.0962658e-05	40531.67815160751
en_ran_init_ant_1f_a2_200_25_400_eg_r1_a0_eps_005_1	146	2244.5	200.0	2244.5	200.0	1459999	1483.7812	1483.784	183.62514	-1483.6384	884.7403	3.6225258e-05	40777.50729084015
en_ran_init_ant_1f_a2_200_25_400_eg_r1_a0_eps_005_1	147	2197.2	1161.4	2197.2	1161.4	1469999	1486.0182	1486.0186	182.90494	-1485.9537	881.4079	3.412546e-05	41043.817890167236
en_ran_init_ant_1f_a2_200_25_400_eg_r1_a0_eps_005_1	148	1957.75	2064.8	1957.75	2064.8	1479999	1486.4366	1486.4382	182.27713	-1486.2976	913.6423	1.8814408e-05	41330.65669512749
en_ran_init_ant_1f_a2_200_25_400_eg_r1_a0_eps_005_1	149	4610.0	2379.6	4610.0	2379.6	1489999	1483.3995	1483.401	180.6349	-1483.1642	923.4175	3.5967954e-05	41624.795973062515
en_ran_init_ant_1f_a2_200_25_400_eg_r1_a0_eps_005_1	150	1443.2222	1589.2	1443.2222	1589.2	1499999	1478.0903	1478.0903	177.5286	-1477.825	926.9248	6.362743e-05	41898.86987757683
en_ran_init_ant_1f_a2_200_25_400_eg_r1_a0_eps_005_1	151	1731.0	2122.6	1731.0	2122.6	1509999	1473.2853	1473.2854	178.73747	-1473.075	921.9266	3.165795e-05	42186.81586933136
en_ran_init_ant_1f_a2_200_25_400_eg_r1_a0_eps_005_1	152	2162.25	3327.8	2162.25	3327.8	1519999	1469.5891	1469.5894	182.09027	-1469.3495	880.123	1.26026125e-05	42496.84860277176
en_ran_init_ant_1f_a2_200_25_400_eg_r1_a0_eps_005_1	153	5000.0	2441.6	5000.0	2441.6	1529999	1469.7544	1469.7592	179.54158	-1469.597	910.4748	1.4587172e-05	42788.80228447914
en_ran_init_ant_1f_a2_200_25_400_eg_r1_a0_eps_005_1	154	3138.3333	3080.6	3138.3333	3080.6	1539999	1469.3746	1469.3749	181.91461	-1469.167	829.9076	4.2156576e-06	43094.425508737564
en_ran_init_ant_1f_a2_200_25_400_eg_r1_a0_eps_005_1	155	3376.0	2694.8	3376.0	2694.8	1549999	1462.641	1462.644	179.22415	-1462.391	808.7763	8.24008e-06	43389.729662418365
en_ran_init_ant_1f_a2_200_25_400_eg_r1_a0_eps_005_1	156	3019.3333	3815.2	3019.3333	3815.2	1559999	1456.5065	1456.5063	178.5828	-1456.1925	853.7057	2.992701e-06	43715.612322092056
en_ran_init_ant_1f_a2_200_25_400_eg_r1_a0_eps_005_1	157	1617.875	4478.0	1617.875	4478.0	1569999	1447.1478	1447.1494	181.92825	-1446.792	841.1438	1.7670451e-06	44043.12986803055
en_ran_init_ant_1f_a2_200_25_400_eg_r1_a0_eps_005_1	158	2801.75	1427.6	2801.75	1427.6	1579999	1439.5254	1439.5281	180.14131	-1439.2643	837.9121	2.7061125e-05	44318.533974170685
en_ran_init_ant_1f_a2_200_25_400_eg_r1_a0_eps_005_1	159	2115.5	4456.8	2115.5	4456.8	1589999	1438.5692	1438.5715	178.20132	-1438.3916	836.7559	1.886669e-05	44653.02126312256
en_ran_init_ant_1f_a2_200_25_400_eg_r1_a0_eps_005_1	160	2275.6667	2001.4	2275.6667	2001.4	1599999	1441.6901	1441.6926	179.15318	-1441.546	831.22754	1.2760317e-05	44939.7984085083
en_ran_init_ant_1f_a2_200_25_400_eg_r1_a0_eps_005_1	161	3358.5	2387.4	3358.5	2387.4	1609999	1444.9786	1444.9849	182.99605	-1444.7275	805.741	1.6442013e-06	45230.58336186409
en_ran_init_ant_1f_a2_200_25_400_eg_r1_a0_eps_005_1	162	3836.0	2491.0	3836.0	2491.0	1619999	1447.6136	1447.6154	183.95227	-1447.5536	813.53455	1.9544593e-06	45525.26896739006
en_ran_init_ant_1f_a2_200_25_400_eg_r1_a0_eps_005_1	163	3952.3333	2211.2	3952.3333	2211.2	1629999	1450.3163	1450.3193	183.55399	-1450.0197	757.9775	1.3220974e-06	45811.95735669136
en_ran_init_ant_1f_a2_200_25_400_eg_r1_a0_eps_005_1	164	1957.0	3884.0	1957.0	3884.0	1639999	1446.0656	1446.0681	182.90547	-1445.7958	785.05	1.6781269e-06	46138.87318968773
en_ran_init_ant_1f_a2_200_25_400_eg_r1_a0_eps_005_1	165	4672.0	2244.0	4672.0	2244.0	1649999	1445.4595	1445.4634	181.84718	-1445.26	771.1102	9.830312e-07	46428.9249689579
en_ran_init_ant_1f_a2_200_25_400_eg_r1_a0_eps_005_1	166	2756.0	1285.8	2756.0	1285.8	1659999	1447.8759	1447.882	186.31679	-1447.8289	771.8492	2.3264417e-06	46702.531979084015
en_ran_init_ant_1f_a2_200_25_400_eg_r1_a0_eps_005_1	167	1926.5	1714.4	1926.5	1714.4	1669999	1451.8649	1451.8684	185.92188	-1451.6147	745.0276	1.8737454e-06	46989.42531776428
en_ran_init_ant_1f_a2_200_25_400_eg_r1_a0_eps_005_1	168	2370.0	1109.0	2370.0	1109.0	1679999	1450.0156	1450.0162	185.40602	-1449.7065	730.8955	7.7445196e-07	47256.42647123337
en_ran_init_ant_1f_a2_200_25_400_eg_r1_a0_eps_005_1	169	4000.3333	1662.6	4000.3333	1662.6	1689999	1452.4065	1452.4089	189.15611	-1452.2524	720.1554	6.018318e-07	47536.78697991371
en_ran_init_ant_1f_a2_200_25_400_eg_r1_a0_eps_005_1	170	829.0714	2507.0	829.0714	2507.0	1699999	1452.1454	1452.149	185.59747	-1451.907	702.434	3.7797935e-07	47825.96844983101
en_ran_init_ant_1f_a2_200_25_400_eg_r1_a0_eps_005_1	171	2104.75	2411.0	2104.75	2411.0	1709999	1450.9923	1450.9978	184.66559	-1450.7732	718.5777	2.4414743e-05	48118.96824884415
en_ran_init_ant_1f_a2_200_25_400_eg_r1_a0_eps_005_1	172	4464.0	2486.6	4464.0	2486.6	1719999	1453.6661	1453.6713	180.9205	-1453.5211	725.7722	1.0033268e-05	48423.431070804596
en_ran_init_ant_1f_a2_200_25_400_eg_r1_a0_eps_005_1	173	3101.5	4945.2	3101.5	4945.2	1729999	1457.033	1457.0349	181.95233	-1456.9512	690.15485	3.4223065e-06	48771.42697787285
en_ran_init_ant_1f_a2_200_25_400_eg_r1_a0_eps_005_1	174	2956.6667	2580.8	2956.6667	2580.8	1739999	1459.4661	1459.4674	180.64455	-1459.3746	728.9237	1.7890975e-06	49067.535440683365
en_ran_init_ant_1f_a2_200_25_400_eg_r1_a0_eps_005_1	175	3209.6667	3109.6	3209.6667	3109.6	1749999	1460.7225	1460.7266	182.36012	-1460.6082	682.3137	7.382784e-07	49380.644547224045
en_ran_init_ant_1f_a2_200_25_400_eg_r1_a0_eps_005_1	176	2152.0	3214.6	2152.0	3214.6	1759999	1460.5559	1460.5548	186.16689	-1460.3406	729.8634	3.04945e-07	49689.078328847885
en_ran_init_ant_1f_a2_200_25_400_eg_r1_a0_eps_005_1	177	4393.0	2168.6	4393.0	2168.6	1769999	1458.5597	1458.5651	183.48314	-1458.4636	727.26416	3.95278e-07	49978.11650657654
en_ran_init_ant_1f_a2_200_25_400_eg_r1_a0_eps_005_1	178	2237.4	3083.4	2237.4	3083.4	1779999	1461.5883	1461.5858	183.12833	-1461.3999	711.4486	3.5082812e-07	50285.27014923096
en_ran_init_ant_1f_a2_200_25_400_eg_r1_a0_eps_005_1	179	3043.0	818.6	3043.0	818.6	1789999	1461.5479	1461.5488	186.15796	-1461.3859	714.7099	1.3969275e-06	50545.598749399185
en_ran_init_ant_1f_a2_200_25_400_eg_r1_a0_eps_005_1	180	3385.6667	2907.2	3385.6667	2907.2	1799999	1469.5577	1469.5629	182.01324	-1469.6097	755.0386	4.0284027e-07	50845.71662783623
en_ran_init_ant_1f_a2_200_25_400_eg_r1_a0_eps_005_1	181	2817.0	1401.8	2817.0	1401.8	1809999	1474.0176	1474.0183	184.59563	-1473.8978	756.9647	4.4885866e-07	51107.903064489365
en_ran_init_ant_1f_a2_200_25_400_eg_r1_a0_eps_005_1	182	3400.0	3069.0	3400.0	3069.0	1819999	1478.2559	1478.2579	184.9505	-1478.1184	804.9219	1.4827729e-06	51405.165687561035
en_ran_init_ant_1f_a2_200_25_400_eg_r1_a0_eps_005_1	183	3069.3333	3556.2	3069.3333	3556.2	1829999	1482.5289	1482.5278	184.34299	-1482.4146	744.3507	5.616711e-06	51712.38412499428
en_ran_init_ant_1f_a2_200_25_400_eg_r1_a0_eps_005_1	184	2527.25	2688.8	2527.25	2688.8	1839999	1484.8065	1484.8081	184.34349	-1484.7706	738.5785	6.2650106e-06	51999.06137371063
en_ran_init_ant_1f_a2_200_25_400_eg_r1_a0_eps_005_1	185	1951.2	3336.2	1951.2	3336.2	1849999	1483.9979	1484.0015	183.8863	-1483.8582	722.1608	1.2603459e-06	52295.30541181564
en_ran_init_ant_1f_a2_200_25_400_eg_r1_a0_eps_005_1	186	2740.3333	2594.0	2740.3333	2594.0	1859999	1482.4648	1482.4642	183.43535	-1482.3594	690.3784	1.02131e-05	52583.73079037666
en_ran_init_ant_1f_a2_200_25_400_eg_r1_a0_eps_005_1	187	2103.3333	1407.0	2103.3333	1407.0	1869999	1482.8173	1482.8186	185.56393	-1482.6567	665.72534	6.5298423e-06	52854.66670560837
en_ran_init_ant_1f_a2_200_25_400_eg_r1_a0_eps_005_1	188	2219.75	3957.6	2219.75	3957.6	1879999	1481.6543	1481.655	183.27432	-1481.465	737.39185	1.1792065e-05	53179.91568732262
en_ran_init_ant_1f_a2_200_25_400_eg_r1_a0_eps_005_1	189	2669.5	3734.4	2669.5	3734.4	1889999	1480.7947	1480.7991	183.3041	-1480.6226	699.3143	1.1385611e-05	53498.629543066025
en_ran_init_ant_1f_a2_200_25_400_eg_r1_a0_eps_005_1	190	3679.0	1453.6	3679.0	1453.6	1899999	1480.2314	1480.2336	182.11078	-1480.1052	753.4608	2.584612e-05	53774.21489357948
en_ran_init_ant_1f_a2_200_25_400_eg_r1_a0_eps_005_1	191	2202.8	810.8	2202.8	810.8	1909999	1480.5886	1480.5919	182.23233	-1480.4069	696.99036	4.6071767e-05	54028.35215997696
en_ran_init_ant_1f_a2_200_25_400_eg_r1_a0_eps_005_1	192	2246.0	2262.4	2246.0	2262.4	1919999	1479.4177	1479.417	183.53366	-1479.1874	712.1814	5.0511302e-05	54318.89513731003
en_ran_init_ant_1f_a2_200_25_400_eg_r1_a0_eps_005_1	193	2703.0	3169.4	2703.0	3169.4	1929999	1479.2877	1479.2897	182.06921	-1479.108	755.1389	4.0548242e-05	54626.652072668076
en_ran_init_ant_1f_a2_200_25_400_eg_r1_a0_eps_005_1	194	2584.5	3167.4	2584.5	3167.4	1939999	1480.2339	1480.2322	181.77231	-1479.9786	772.8374	4.9398055e-05	54937.44928693771
en_ran_init_ant_1f_a2_200_25_400_eg_r1_a0_eps_005_1	195	2258.0	3390.2	2258.0	3390.2	1949999	1477.082	1477.0836	182.08228	-1476.8925	737.11255	8.221369e-05	55248.987318754196
en_ran_init_ant_1f_a2_200_25_400_eg_r1_a0_eps_005_1	196	3499.0	3512.2	3499.0	3512.2	1959999	1477.1969	1477.1975	183.28543	-1477.0492	703.0604	8.410781e-05	55562.38678812981
en_ran_init_ant_1f_a2_200_25_400_eg_r1_a0_eps_005_1	197	2515.5	2499.6	2515.5	2499.6	1969999	1479.8246	1479.8286	182.7189	-1479.7072	753.88696	6.61329e-05	55858.387117385864
en_ran_init_ant_1f_a2_200_25_400_eg_r1_a0_eps_005_1	198	4055.5	2020.2	4055.5	2020.2	1979999	1480.7864	1480.7874	187.21074	-1480.6357	688.3461	8.239412e-05	56144.01376247406
en_ran_init_ant_1f_a2_200_25_400_eg_r1_a0_eps_005_1	199	2273.0	2956.2	2273.0	2956.2	1989999	1478.759	1478.7584	182.1038	-1478.5385	679.8963	9.5950476e-05	56450.78616786003
en_ran_init_ant_1f_a2_200_25_400_eg_r1_a0_eps_005_1	200	3111.3333	3643.2	3111.3333	3643.2	1999999	1474.6694	1474.6724	184.45995	-1474.436	663.0198	6.0989736e-05	56774.10832810402
en_ran_init_ant_1f_a2_200_25_400_eg_r1_a0_eps_005_1	201	3741.3333	1743.4	3741.3333	1743.4	2009999	1471.1827	1471.184	181.55753	-1470.9822	687.7779	9.168497e-05	57060.91780591011
en_ran_init_ant_1f_a2_200_25_400_eg_r1_a0_eps_005_1	202	2668.3333	2348.4	2668.3333	2348.4	2019999	1471.0092	1471.0128	181.91841	-1470.7656	660.2902	0.00013653078	57357.347120285034
en_ran_init_ant_1f_a2_200_25_400_eg_r1_a0_eps_005_1	203	2470.0	2313.4	2470.0	2313.4	2029999	1467.026	1467.0258	182.39645	-1466.7557	648.6504	0.00015799952	57647.12767648697
en_ran_init_ant_1f_a2_200_25_400_eg_r1_a0_eps_005_1	204	1791.0	2658.2	1791.0	2658.2	2039999	1464.794	1464.7983	182.95505	-1464.5485	645.6976	0.00022282639	57943.901943683624
en_ran_init_ant_1f_a2_200_25_400_eg_r1_a0_eps_005_1	205	3084.6667	2846.2	3084.6667	2846.2	2049999	1461.5831	1461.5835	182.07008	-1461.3362	672.5151	0.00025976065	58246.7251329422
en_ran_init_ant_1f_a2_200_25_400_eg_r1_a0_eps_005_1	206	3223.5	2075.0	3223.5	2075.0	2059999	1458.78	1458.7775	184.91318	-1458.6155	652.5761	0.00025301016	58533.68611693382
en_ran_init_ant_1f_a2_200_25_400_eg_r1_a0_eps_005_1	207	4038.0	582.2	4038.0	582.2	2069999	1460.1458	1460.1488	182.51479	-1460.0112	687.4429	0.00027961427	58787.8698451519
en_ran_init_ant_1f_a2_200_25_400_eg_r1_a0_eps_005_1	208	4314.0	867.6	4314.0	867.6	2079999	1467.0416	1467.0415	181.73131	-1466.9554	677.84	0.00022133956	59041.35855436325
en_ran_init_ant_1f_a2_200_25_400_eg_r1_a0_eps_005_1	209	1464.5714	2615.8	1464.5714	2615.8	2089999	1471.4917	1471.4933	182.34131	-1471.399	632.7568	0.00019989097	59327.46330690384
en_ran_init_ant_1f_a2_200_25_400_eg_r1_a0_eps_005_1	210	1794.4	2714.2	1794.4	2714.2	2099999	1469.2736	1469.276	183.48456	-1469.0338	611.99146	0.00012202177	59617.79614639282
en_ran_init_ant_1f_a2_200_25_400_eg_r1_a0_eps_005_1	211	1835.0	3135.6	1835.0	3135.6	2109999	1464.2627	1464.263	181.40468	-1464.0322	645.9871	0.0001044211	59914.95860719681
en_ran_init_ant_1f_a2_200_25_400_eg_r1_a0_eps_005_1	212	2117.4	1378.0	2117.4	1378.0	2119999	1461.1425	1461.1401	182.29773	-1460.9436	666.71796	8.1099235e-05	60173.63886356354
en_ran_init_ant_1f_a2_200_25_400_eg_r1_a0_eps_005_1	213	3400.0	2887.6	3400.0	2887.6	2129999	1459.7347	1459.7362	182.50024	-1459.6068	639.5679	8.199441e-05	60463.7489233017
en_ran_init_ant_1f_a2_200_25_400_eg_r1_a0_eps_005_1	214	5000.0	1441.4	5000.0	1441.4	2139999	1455.645	1455.6466	185.38518	-1455.432	619.7665	3.821483e-05	60728.68265604973
en_ran_init_ant_1f_a2_200_25_400_eg_r1_a0_eps_005_1	215	2816.5	391.2	2816.5	391.2	2149999	1449.7678	1449.7698	186.21835	-1449.5532	570.4488	4.5043603e-06	60971.63145446777
en_ran_init_ant_1f_a2_200_25_400_eg_r1_a0_eps_005_1	216	2372.25	3577.8	2372.25	3577.8	2159999	1445.2651	1445.2678	185.03152	-1444.9519	596.52277	1.9727677e-05	61278.34180641174
en_ran_init_ant_1f_a2_200_25_400_eg_r1_a0_eps_005_1	217	2331.75	3128.8	2331.75	3128.8	2169999	1438.1499	1438.1495	182.73003	-1437.8684	595.86847	2.8745217e-05	61573.93514943123
en_ran_init_ant_1f_a2_200_25_400_eg_r1_a0_eps_005_1	218	2568.5	3017.4	2568.5	3017.4	2179999	1433.957	1433.9592	184.57822	-1433.7249	514.3697	1.3029903e-05	61868.52578878403
en_ran_init_ant_1f_a2_200_25_400_eg_r1_a0_eps_005_1	219	5000.0	2435.0	5000.0	2435.0	2189999	1427.7683	1427.7701	186.14511	-1427.4424	546.5812	2.725912e-05	62149.63386511803
en_ran_init_ant_1f_a2_200_25_400_eg_r1_a0_eps_005_1	220	4470.5	4010.2	4470.5	4010.2	2199999	1421.2317	1421.231	182.91994	-1420.9868	544.51965	1.7532382e-05	62461.08118534088
en_ran_init_ant_1f_a2_200_25_400_eg_r1_a0_eps_005_1	221	2803.3333	3685.2	2803.3333	3685.2	2209999	1417.177	1417.1771	185.04718	-1416.9584	561.3768	1.6545337e-05	62768.548392772675
en_ran_init_ant_1f_a2_200_25_400_eg_r1_a0_eps_005_1	222	2683.25	3012.2	2683.25	3012.2	2219999	1414.3384	1414.341	186.55785	-1414.0585	590.5058	2.4858034e-06	63061.34370279312
en_ran_init_ant_1f_a2_200_25_400_eg_r1_a0_eps_005_1	223	2844.3333	2837.0	2844.3333	2837.0	2229999	1411.9875	1411.9888	188.52455	-1411.7094	573.86664	5.7892616e-06	63352.06431269646
en_ran_init_ant_1f_a2_200_25_400_eg_r1_a0_eps_005_1	224	3938.3333	3788.6	3938.3333	3788.6	2239999	1410.848	1410.851	191.45447	-1410.525	553.3519	2.258287e-06	63663.55173063278
en_ran_init_ant_1f_a2_200_25_400_eg_r1_a0_eps_005_1	225	3941.5	4404.4	3941.5	4404.4	2249999	1407.6732	1407.6704	190.83482	-1407.3579	531.57996	5.0022294e-07	63994.97926425934
en_ran_init_ant_1f_a2_200_25_400_eg_r1_a0_eps_005_1	226	4118.3335	2363.8	4118.3335	2363.8	2259999	1403.8832	1403.884	191.74521	-1403.6217	511.71564	4.8438795e-07	64285.520956754684
en_ran_init_ant_1f_a2_200_25_400_eg_r1_a0_eps_005_1	227	2991.0	1557.0	2991.0	1557.0	2269999	1402.0652	1402.0634	191.93143	-1401.8029	535.404	1.8214076e-06	64559.63756942749
en_ran_init_ant_1f_a2_200_25_400_eg_r1_a0_eps_005_1	228	3001.6667	5000.0	3001.6667	5000.0	2279999	1401.5558	1401.5548	190.78645	-1401.4188	522.4738	5.4763273e-06	64908.25524020195
en_ran_init_ant_1f_a2_200_25_400_eg_r1_a0_eps_005_1	229	4608.0	3133.4	4608.0	3133.4	2289999	1401.4338	1401.4341	188.99928	-1401.2264	529.06665	8.4865866e-07	65218.8260281086
en_ran_init_ant_1f_a2_200_25_400_eg_r1_a0_eps_005_1	230	2270.0	193.8	2270.0	193.8	2299999	1404.3578	1404.3588	191.93634	-1404.1569	546.71246	3.5407134e-06	65469.45787572861
en_ran_init_ant_1f_a2_200_25_400_eg_r1_a0_eps_005_1	231	2562.6	1454.4	2562.6	1454.4	2309999	1402.5342	1402.5356	192.38577	-1402.3138	547.47833	4.1679386e-06	65746.23416090012
en_ran_init_ant_1f_a2_200_25_400_eg_r1_a0_eps_005_1	232	3625.5	3026.6	3625.5	3026.6	2319999	1401.9597	1401.9596	191.78236	-1401.7769	555.4688	4.3047794e-06	66052.68780851364
en_ran_init_ant_1f_a2_200_25_400_eg_r1_a0_eps_005_1	233	2640.75	2604.4	2640.75	2604.4	2329999	1399.1782	1399.1781	189.77742	-1398.9012	529.3662	6.3035504e-06	66353.3243098259
en_ran_init_ant_1f_a2_200_25_400_eg_r1_a0_eps_005_1	234	3800.3333	3742.6	3800.3333	3742.6	2339999	1399.7355	1399.7343	190.65538	-1399.5143	512.79675	1.0411949e-05	66675.51821660995
en_ran_init_ant_1f_a2_200_25_400_eg_r1_a0_eps_005_1	235	5000.0	295.4	5000.0	295.4	2349999	1396.3859	1396.3875	188.62947	-1396.0094	535.4086	9.934722e-06	66923.09449362755
en_ran_init_ant_1f_a2_200_25_400_eg_r1_a0_eps_005_1	236	1806.6666	707.2	1806.6666	707.2	2359999	1389.6097	1389.6088	190.06854	-1389.308	549.3945	2.3750285e-06	67181.99679517746
en_ran_init_ant_1f_a2_200_25_400_eg_r1_a0_eps_005_1	237	3820.5	2684.8	3820.5	2684.8	2369999	1386.2809	1386.2823	188.9286	-1386.003	529.2653	3.019629e-06	67478.55411481857
en_ran_init_ant_1f_a2_200_25_400_eg_r1_a0_eps_005_1	238	2974.0	4971.8	2974.0	4971.8	2379999	1386.0414	1386.0403	189.84402	-1385.8074	557.15375	1.1326729e-06	67814.87694597244
en_ran_init_ant_1f_a2_200_25_400_eg_r1_a0_eps_005_1	239	1922.2858	1215.2	1922.2858	1215.2	2389999	1386.4507	1386.4517	187.4763	-1386.2534	551.1979	1.6111414e-06	68084.60278344154
en_ran_init_ant_1f_a2_200_25_400_eg_r1_a0_eps_005_1	240	3360.0	2750.4	3360.0	2750.4	2399999	1387.567	1387.5682	186.6471	-1387.3325	555.075	2.410556e-06	68382.05470323563
en_ran_init_ant_1f_a2_200_25_400_eg_r1_a0_eps_005_1	241	5000.0	4188.0	5000.0	4188.0	2409999	1386.4401	1386.4407	188.81894	-1386.2052	562.4361	1.540723e-06	68710.16322398186
en_ran_init_ant_1f_a2_200_25_400_eg_r1_a0_eps_005_1	242	1739.5	1459.0	1739.5	1459.0	2419999	1383.3391	1383.3408	187.95613	-1383.0577	584.9625	4.8479916e-07	68987.1433134079
en_ran_init_ant_1f_a2_200_25_400_eg_r1_a0_eps_005_1	243	1962.6	2120.0	1962.6	2120.0	2429999	1380.2972	1380.2979	188.14006	-1380.0088	579.7769	3.6847706e-07	69272.64032053947
en_ran_init_ant_1f_a2_200_25_400_eg_r1_a0_eps_005_1	244	5000.0	2115.2	5000.0	2115.2	2439999	1376.9275	1376.9285	184.92389	-1376.647	550.25757	1.2768805e-06	69557.39552307129
en_ran_init_ant_1f_a2_200_25_400_eg_r1_a0_eps_005_1	245	3902.0	3333.0	3902.0	3333.0	2449999	1370.585	1370.5853	186.54738	-1370.3096	513.0745	9.7788174e-08	69863.26802015305
en_ran_init_ant_1f_a2_200_25_400_eg_r1_a0_eps_005_1	246	3342.3333	3308.2	3342.3333	3308.2	2459999	1365.3375	1365.3376	188.07271	-1364.945	516.4898	1.3816675e-07	70176.24884986877
en_ran_init_ant_1f_a2_200_25_400_eg_r1_a0_eps_005_1	247	3187.0	2122.2	3187.0	2122.2	2469999	1360.7896	1360.7928	187.28506	-1360.4917	512.9795	9.736425e-07	70459.33647108078
en_ran_init_ant_1f_a2_200_25_400_eg_r1_a0_eps_005_1	248	1887.8334	2485.0	1887.8334	2485.0	2479999	1358.737	1358.7405	186.88239	-1358.5042	503.9603	4.825026e-07	70750.97896337509
en_ran_init_ant_1f_a2_200_25_400_eg_r1_a0_eps_005_1	249	5000.0	3064.2	5000.0	3064.2	2489999	1354.8306	1354.8326	185.81648	-1354.4844	537.7717	1.3130411e-06	71060.54872465134
en_ran_init_ant_1f_a2_200_25_400_eg_r1_a0_eps_005_1	250	3246.3333	2953.6	3246.3333	2953.6	2499999	1347.6897	1347.6912	189.17693	-1347.4316	488.62134	7.154921e-07	71357.98926830292
en_ran_init_ant_1f_a2_200_25_400_eg_r1_a0_eps_005_1	251	2008.75	3689.0	2008.75	3689.0	2509999	1343.4801	1343.4814	190.48091	-1343.2358	470.74744	3.945062e-07	71671.25055265427
en_ran_init_ant_1f_a2_200_25_400_eg_r1_a0_eps_005_1	252	2595.5	2980.6	2595.5	2980.6	2519999	1342.4873	1342.4891	190.24626	-1342.2043	493.6181	1.592866e-07	71969.78357958794
en_ran_init_ant_1f_a2_200_25_400_eg_r1_a0_eps_005_1	253	2726.0	3474.6	2726.0	3474.6	2529999	1335.4944	1335.4961	191.07549	-1335.2021	493.3393	1.9086343e-07	72281.51234102249
en_ran_init_ant_1f_a2_200_25_400_eg_r1_a0_eps_005_1	254	2005.4286	2176.4	2005.4286	2176.4	2539999	1329.9003	1329.9025	187.88689	-1329.59	499.54575	1.09568425e-07	72568.43098807335
en_ran_init_ant_1f_a2_200_25_400_eg_r1_a0_eps_005_1	255	3500.0	3031.2	3500.0	3031.2	2549999	1322.8813	1322.8817	186.51007	-1322.5354	484.39484	1.8349417e-07	72873.55857825279
en_ran_init_ant_1f_a2_200_25_400_eg_r1_a0_eps_005_1	256	2816.0	3145.6	2816.0	3145.6	2559999	1319.5463	1319.5469	188.26671	-1319.2489	481.38785	1.981774e-08	73178.48365569115
en_ran_init_ant_1f_a2_200_25_400_eg_r1_a0_eps_005_1	257	2232.4	1189.2	2232.4	1189.2	2569999	1312.5334	1312.534	186.92847	-1312.2498	466.86694	1.1208084e-08	73442.28636574745
en_ran_init_ant_1f_a2_200_25_400_eg_r1_a0_eps_005_1	258	3811.0	3070.4	3811.0	3070.4	2579999	1309.2349	1309.2352	186.88968	-1308.9742	485.7461	1.1114816e-08	73745.18977761269
en_ran_init_ant_1f_a2_200_25_400_eg_r1_a0_eps_005_1	259	1720.5714	915.6	1720.5714	915.6	2589999	1307.1172	1307.1189	185.93811	-1306.836	541.4827	1.410695e-07	74007.13271427155
en_ran_init_ant_1f_a2_200_25_400_eg_r1_a0_eps_005_1	260	3645.0	1697.2	3645.0	1697.2	2599999	1307.8822	1307.8821	185.07675	-1307.6166	525.4113	5.1162574e-06	74287.01921391487
en_ran_init_ant_1f_a2_200_25_400_eg_r1_a0_eps_005_1	261	2414.75	1645.6	2414.75	1645.6	2609999	1307.1654	1307.167	187.45879	-1306.9001	513.36774	1.0481945e-06	74562.7540113926
en_ran_init_ant_1f_a2_200_25_400_eg_r1_a0_eps_005_1	262	5000.0	1055.0	5000.0	1055.0	2619999	1305.992	1305.9933	185.07886	-1305.7332	507.46075	2.204556e-06	74826.21443104744
en_ran_init_ant_1f_a2_200_25_400_eg_r1_a0_eps_005_1	263	1969.8	202.2	1969.8	202.2	2629999	1303.347	1303.346	186.89813	-1303.048	525.1246	3.0777167e-06	75075.2616519928
en_ran_init_ant_1f_a2_200_25_400_eg_r1_a0_eps_005_1	264	1466.0	4236.0	1466.0	4236.0	2639999	1302.9203	1302.9213	186.66618	-1302.6748	484.1137	2.5265473e-07	75408.7972381115
en_ran_init_ant_1f_a2_200_25_400_eg_r1_a0_eps_005_1	265	2548.6	2090.0	2548.6	2090.0	2649999	1307.151	1307.15	183.00851	-1307.0072	494.0504	4.7905127e-07	75695.85661315918
en_ran_init_ant_1f_a2_200_25_400_eg_r1_a0_eps_005_1	266	3382.6667	1432.4	3382.6667	1432.4	2659999	1314.7966	1314.7993	186.4462	-1314.6617	515.0	6.3419446e-07	75970.34391260147
en_ran_init_ant_1f_a2_200_25_400_eg_r1_a0_eps_005_1	267	1504.5	2169.4	1504.5	2169.4	2669999	1321.9766	1321.9757	186.12259	-1321.7437	571.0088	3.56285e-07	76231.75579357147
en_ran_init_ant_1f_a2_200_25_400_eg_r1_a0_eps_005_1	268	4800.0	2862.2	4800.0	2862.2	2679999	1323.2102	1323.2135	184.377	-1322.9948	538.6229	9.841973e-07	76490.43148994446
en_ran_init_ant_1f_a2_200_25_400_eg_r1_a0_eps_005_1	269	5000.0	4130.6	5000.0	4130.6	2689999	1325.8114	1325.8135	185.08607	-1325.5612	570.53107	4.9316117e-07	76779.7380168438
en_ran_init_ant_1f_a2_200_25_400_eg_r1_a0_eps_005_1	270	2588.0	1531.4	2588.0	1531.4	2699999	1325.1016	1325.1035	184.67578	-1324.8146	484.1079	1.24215585e-05	77026.86052942276
en_ran_init_ant_1f_a2_200_25_400_eg_r1_a0_eps_005_1	271	5000.0	2079.8	5000.0	2079.8	2709999	1325.3125	1325.3151	181.93015	-1325.0862	506.10266	6.3277325e-06	77278.82823562622
en_ran_init_ant_1f_a2_200_25_400_eg_r1_a0_eps_005_1	272	1574.3334	3055.2	1574.3334	3055.2	2719999	1326.6387	1326.6377	185.92557	-1326.4238	516.2091	1.6869455e-05	77553.18566298485
en_ran_init_ant_1f_a2_200_25_400_eg_r1_a0_eps_005_1	273	4230.3335	3060.4	4230.3335	3060.4	2729999	1328.0504	1328.052	184.82399	-1327.8289	491.5746	2.1041024e-06	77823.94350862503
en_ran_init_ant_1f_a2_200_25_400_eg_r1_a0_eps_005_1	274	1221.0	1164.4	1221.0	1164.4	2739999	1329.3302	1329.3334	183.01926	-1329.04	500.14734	3.2393762e-06	78063.57412338257
en_ran_init_ant_1f_a2_200_25_400_eg_r1_a0_eps_005_1	275	2701.6	3018.6	2701.6	3018.6	2749999	1329.4298	1329.4313	185.69891	-1329.0881	494.3093	6.838201e-06	78334.92723059654
en_ran_init_ant_1f_a2_200_25_400_eg_r1_a0_eps_005_1	276	5000.0	2222.4	5000.0	2222.4	2759999	1328.0419	1328.0425	186.75029	-1327.822	474.0599	1.1816961e-05	78562.92866826057
en_ran_init_ant_1f_a2_200_25_400_eg_r1_a0_eps_005_1	277	3353.6667	2238.6	3353.6667	2238.6	2769999	1331.2145	1331.2155	185.41423	-1331.0164	512.8812	1.9132329e-05	78789.96617484093
en_ran_init_ant_1f_a2_200_25_400_eg_r1_a0_eps_005_1	278	2017.25	1585.8	2017.25	1585.8	2779999	1334.7045	1334.7065	188.49045	-1334.5667	509.6643	5.941081e-06	78997.23681902885
en_ran_init_ant_1f_a2_200_25_400_eg_r1_a0_eps_005_1	279	4006.0	1469.0	4006.0	1469.0	2789999	1336.8591	1336.861	186.16269	-1336.6144	475.1065	2.830164e-06	79209.73008680344
en_ran_init_ant_1f_a2_200_25_400_eg_r1_a0_eps_005_1	280	3063.0	3258.4	3063.0	3258.4	2799999	1337.406	1337.4045	185.34625	-1337.1436	524.4549	1.7831691e-05	79416.30002617836
en_ran_init_ant_1f_a2_200_25_400_eg_r1_a0_eps_005_1	281	2603.0	650.4	2603.0	650.4	2809999	1339.8573	1339.8601	184.95364	-1339.6238	510.8728	8.9738586e-07	79577.44229483604
en_ran_init_ant_1f_a2_200_25_400_eg_r1_a0_eps_005_1	282	3388.3333	2253.2	3388.3333	2253.2	2819999	1342.5175	1342.5182	190.86835	-1342.3052	494.9481	6.009476e-07	79726.95781517029
en_ran_init_ant_1f_a2_200_25_400_eg_r1_a0_eps_005_1	283	4543.0	2926.8	4543.0	2926.8	2829999	1340.9624	1340.963	187.23189	-1340.6724	504.3908	1.9782591e-07	79880.73416948318
en_ran_init_ant_1f_a2_200_25_400_eg_r1_a0_eps_005_1	284	2966.6667	2440.6	2966.6667	2440.6	2839999	1339.8552	1339.8557	189.01472	-1339.5535	493.21936	3.4432717e-06	80030.14143586159
en_ran_init_ant_1f_a2_200_25_400_eg_r1_a0_eps_005_1	285	4721.5	2337.2	4721.5	2337.2	2849999	1338.3678	1338.3687	186.92654	-1338.0581	474.91525	2.014177e-06	80179.4339196682
en_ran_init_ant_1f_a2_200_25_400_eg_r1_a0_eps_005_1	286	3062.6667	3234.8	3062.6667	3234.8	2859999	1339.4336	1339.4319	187.1564	-1339.2434	482.27185	9.463778e-07	80337.0971057415
en_ran_init_ant_1f_a2_200_25_400_eg_r1_a0_eps_005_1	287	4321.3335	3556.8	4321.3335	3556.8	2869999	1339.9364	1339.9362	188.7399	-1339.7681	468.8163	3.6894014e-07	80500.41748571396
en_ran_init_ant_1f_a2_200_25_400_eg_r1_a0_eps_005_1	288	3792.5	2108.4	3792.5	2108.4	2879999	1342.9624	1342.9635	190.22137	-1342.7758	449.89926	2.8542433e-06	80645.89702939987
en_ran_init_ant_1f_a2_200_25_400_eg_r1_a0_eps_005_1	289	2703.2	2547.6	2703.2	2547.6	2889999	1344.7811	1344.7803	191.76285	-1344.5424	448.4973	3.2159396e-06	80797.98829722404
en_ran_init_ant_1f_a2_200_25_400_eg_r1_a0_eps_005_1	290	5000.0	3355.4	5000.0	3355.4	2899999	1344.4824	1344.4852	191.28223	-1344.1997	497.7328	3.5232875e-07	80941.29682612419
en_ran_init_ant_1f_a2_200_25_400_eg_r1_a0_eps_005_1	291	3383.0	1678.2	3383.0	1678.2	2909999	1344.4695	1344.4713	191.60744	-1344.287	478.1031	1.9211438e-06	81058.2212896347
en_ran_init_ant_1f_a2_200_25_400_eg_r1_a0_eps_005_1	292	5000.0	4550.8	5000.0	4550.8	2919999	1345.6753	1345.6749	193.06451	-1345.4878	447.11703	8.044766e-07	81196.75858688354
en_ran_init_ant_1f_a2_200_25_400_eg_r1_a0_eps_005_1	293	4370.3335	3084.6	4370.3335	3084.6	2929999	1349.2527	1349.2548	191.30087	-1349.0968	450.65964	1.315231e-07	81323.19492220879
en_ran_init_ant_1f_a2_200_25_400_eg_r1_a0_eps_005_1	294	4943.5	2361.0	4943.5	2361.0	2939999	1347.2616	1347.2617	192.66484	-1347.0663	402.50552	5.121241e-07	81443.67255020142
en_ran_init_ant_1f_a2_200_25_400_eg_r1_a0_eps_005_1	295	3176.0	1592.6	3176.0	1592.6	2949999	1347.7876	1347.7898	191.10475	-1347.5906	449.0976	3.1101554e-06	81559.93692064285
en_ran_init_ant_1f_a2_200_25_400_eg_r1_a0_eps_005_1	296	5000.0	2442.8	5000.0	2442.8	2959999	1347.4866	1347.4873	191.45842	-1347.2839	419.8778	3.253583e-06	81682.74923634529
en_ran_init_ant_1f_a2_200_25_400_eg_r1_a0_eps_005_1	297	1256.8	2462.2	1256.8	2462.2	2969999	1344.482	1344.4825	192.45682	-1344.318	402.07352	1.0474157e-06	81806.3322994709
en_ran_init_ant_1f_a2_200_25_400_eg_r1_a0_eps_005_1	298	3593.5	3636.0	3593.5	3636.0	2979999	1340.8691	1340.8721	190.63152	-1340.6519	431.9715	1.0690684e-06	81938.17904686928
en_ran_init_ant_1f_a2_200_25_400_eg_r1_a0_eps_005_1	299	2612.5	2500.0	2612.5	2500.0	2989999	1336.1522	1336.1539	193.73611	-1335.872	425.9063	1.3110267e-07	82061.95044398308
en_ran_init_ant_1f_a2_200_25_400_eg_r1_a0_eps_005_1	300	4839.0	3523.6	4839.0	3523.6	2999999	1333.3411	1333.3428	192.94109	-1333.0905	408.6782	8.6182945e-07	82192.58944058418
