3.175204268835169
3.2155322203004886
3.1744409873297177
3.21467147413285
3.215431636901267
3.2099932565617144
3.2078857834778867
3.2115568941550494
3.20844599794828
3.21078404046613
3.208710786318982
3.2074318906400183
3.2048230366794153
3.209991009628222
3.2099152882524633
3.2103986905674713
3.210941598374656
3.2110969260301885
3.176513387579359
3.17489403237232
3.216243722893467
3.21577404947
3.2128638529449285
3.21437095818786
3.1732683974776683
3.2160396751590383
3.216946147668868
3.207355405651814
3.210654447972233
3.20826567801657
3.2112830638873833
3.210080362934936
3.2096089412866413
3.205508424795374
3.207744938446689
3.2098468060361225
3.2087916879637444
3.2098337770184915
3.207258312644389
3.204992938968036
3.2041922071833047
3.1766300872034736
3.2100434873873875
3.2111039861401798
3.2074858317116046
3.206505818255631
3.2068939064535447
3.20978037027247
3.2067385425697883
3.2114504645806985
3.210894482842339
3.2063248172012266
3.1764424755960143
3.215999871747477
3.175283298087248
3.217096348049101
3.21641735118738
3.215939288616613
3.21408168592057
3.17319899687073
3.2161176064541706
3.2167208520414503
3.208977724999254
3.2099568569475982
3.207691841356968
3.210020000996832
3.210756096008625
3.209041302089015
3.210511681463859
3.212175042199643
3.208671516546009
3.1763790218532924
3.176191770345208
3.2162693543634053
3.2160162229135083
3.214252368052828
3.215403101785244
3.172175528241844
3.2166433591443284
3.2159937551535323
3.208693382263061
3.20891302633657
3.2067074874300303
3.2091617941864876
3.2085942201831053
3.2101949466118205
3.2111756320063676
3.2100891203353985
3.2096843691643513
3.2089696228572775
3.211822302275615
3.208473473216421
3.208074079039856
3.2074787637584907
3.2103401296380087
3.206957980993558
3.206631083312909
3.209220901437461
3.209757600875693
3.208321387585018
3.2117278041238326
3.208527022765707
3.2054264304936844
3.2107258304773
3.2070497777631837
3.2096071674620728
3.2093613064335034
3.2116073223519312
3.2050639341847766
3.176167750854168
3.2120663032993946
3.209368505945979
3.209203030272966
3.1767381011750824
3.1695194095223074
3.2165059960555364
3.2136384554249617
3.241903582475837
3.2407406450382537
3.2404308486003983
3.2439367010474527
3.2415532175768913
3.2392189410234407
3.2421959508535263
3.2390131969884766
3.2430874969573797
3.2435444302599374
3.2413558710314962
3.2433605533195142
3.2404023020730532
3.243989536505414
3.207144252045697
3.2093997068265505
3.2078859650730482
3.2138020923952357
3.248341616242104
3.2473804301389064
3.244234740169357
3.244647156574353
3.244592589724803
3.24766673103586
3.2487370851030977
3.2444331375385063
3.248114142924686
3.242182026165848
3.2455514854704974
3.249495190624688
3.246202460597578
3.248020408942936
3.2474473325149313
3.246562898704679
3.24962260124665
3.248152141044646
3.250817611563347
3.248307325461106
3.2139929776423806
3.2115387347785553
3.2125860021363546
3.213024529992323
3.2135792510237646
3.217589817729738
3.2479490592086804
3.248630811411211
3.2476880702612076
3.2506133949707112
3.2484467839480975
3.247220577350862
3.2454674235837597
3.2485754821069377
3.2463711611747734
3.2118415823742623
3.2127009973407086
3.2125068696490318
3.2116718644944355
3.2118403855814983
3.2178332970715173
3.250365456549734
3.2451254145544826
3.245275357890941
3.2473335865349755
3.248540816751748
3.2459987001224797
3.244935255951216
3.248575641358784
3.2505906165184832
3.2464699798761485
3.249012033193376
3.2485938442573405
3.2128947580640324
3.214634059993795
3.213553885441779
3.2134797620607305
3.2120437149062346
3.2162122467498
3.2507387023479946
3.244979515713258
3.250426499903646
3.249595264708606
3.249135468186108
3.2485741230261374
3.247111972308551
3.2478452926562102
3.2476171984109894
3.247578202002829
3.2487533962692994
3.210387643097045
3.212278170704928
3.2129368195813734
3.2133378681005698
3.2130632890285646
3.2138312754261116
3.2120855262457377
3.2140623955833925
3.2116536067823156
3.213639016353728
3.175403122993851
3.2477869919498894
3.249480157319549
3.2504356226423545
3.2495755942771387
3.2480668519608358
3.249351100291483
3.249204026746331
3.2471289071883853
3.248607599693262
3.2491146755212834
3.247415984091078
3.2506122723088504
3.2486907114187855
3.248628085474052
3.250653486109337
3.2491090394925344
3.2081708397331026
3.2110685251427613
3.2090916117169628
3.2107823419964614
3.20794455666311
3.1664682503621053
3.1683494799067877
3.167547727727455
3.1649030328246925
3.1684319914914174
3.169781279933284
3.1703876217424227
3.169360742756635
3.170996794000296
3.167977239311894
3.1685224969982353
3.1682179840953673
3.121738772920517
3.1290724333504394
3.1234802973477196
3.1266702207473895
3.0886314424836816
3.1334473444165596
3.1336202340878443
3.1339167176947713
3.133403331283155
3.133482257103881
3.1331960968960995
3.133416883482859
3.175680238008532
3.1337720991964386
3.1312280344985317
3.1310814302035594
3.133360150617719
3.176481309761261
3.1762047485478972
3.1770406868532546
3.1742557941837872
3.1745232438261715
3.1759459633879334
3.1745809501496143
3.2074656850941885
3.2147873852139797
3.175530964186743
3.251295959309812
3.2480605224311723
3.247956570255532
3.245883943064396
3.248891341484653
3.246663241565799
3.24770870643996
3.2178751673273425
3.2490601191260797
3.2480522577947952
3.24741227120828
3.249425615419853
3.2500404163026877
3.2457867362628794
3.245859665057713
3.249497604207373
3.2501707014986634
3.2486656625677344
3.248847508406153
3.2486044166899344
3.2491089496106946
3.2507472207208394
3.2480179983707935
3.2449560695714936
3.2484917061619605
3.250238932482124
3.2498002938277644
3.251417685598017
3.246987467202503
3.2493202853459
3.2462468018478425
3.2477258484364757
3.249217311383554
3.247602980627017
3.2126659391643626
3.2143192108051934
3.2131895857737662
3.21381886420601
3.2169150386213126
3.249036520456583
3.251207952935856
3.2487210729274976
3.249537835878516
3.2463073891586545
3.245448657613299
3.2476012621607677
3.248946225415007
3.244965268511153
3.248729524906216
3.2458836007832876
3.2493593997903614
3.2480744612628936
3.251056269093011
3.25157407957047
3.24685728817891
3.248222595241247
3.250254803007969
3.2156684338210217
3.213789311780693
3.2108781613914865
3.2118972147348406
3.2125724833234957
3.212481993838066
3.2175627337320796
3.248319377102844
3.248171525741577
3.247853632290845
3.2468377130228183
3.2496229491932542
3.2482013871887156
3.2474840606239757
3.246482205500712
3.247756516902408
3.2476899030126174
3.2491074881708917
3.209276983040813
3.211470125155104
3.212951590751854
3.2123274089184424
3.2137307314429893
3.2497705429937858
3.2494834616670674
3.2479000816237447
3.250024860821772
3.2474532269488803
3.245074485186743
3.250781957609666
3.2459301684466113
3.243264947186998
3.2468960360494643
3.2121278674953953
3.209246833381808
3.2111097893903016
3.2098439182503085
3.211718773143377
3.2176830658034703
3.246184859425718
3.2461212450168238
3.246445249145996
3.240240296930795
3.2406530735060417
3.2420062921820043
3.236798809912062
3.240775302436615
3.2445369824033867
3.24108515005456
3.2073754765660665
3.20583163907909
3.209409183942698
3.2034396062804964
3.205722703685066
3.2110541476004157
3.2379587968426042
3.243397724579532
3.2372325914642333
3.2432509118273276
3.240794631789722
3.234438472548782
3.2406099512103084
3.234396084776236
3.2364225088326464
3.2382365032345835
3.199527920756045
3.199642306140282
3.197865781760556
3.199587203783297
3.1986034890658654
3.2171591128422965
3.230852665122489
3.234112589438771
3.231145685610581
3.2347715727752036
3.2329520573885118
3.230724966516161
3.230626664578183
3.2312693452355914
3.227266346250187
3.2250782684086374
3.2330196866553353
3.196863960658335
3.1915756978252996
3.1916929243385312
3.1920582723732767
3.195201639092603
3.214342258075341
3.22908515986472
3.2281415984594997
3.230882093942957
3.2281192128210985
3.229369877192752
3.226580157705794
3.2292500657074665
3.2255023078359644
3.2289206783712454
3.229596101609636
3.2282510424423063
3.2262857477667444
3.193079226260772
3.1918015123114087
3.1941512792390703
3.194855325751869
3.1926082079282767
3.2161548867169385
3.238853628937875
3.2368039193388225
3.2375793764697174
3.2379267272607937
3.228394071510197
3.2344698770705356
3.2314744080759867
3.235433462142774
3.2335832407354888
3.2358922286801817
3.236726421844956
3.202169293974318
3.2041091433337603
3.204184415426638
3.200625947838731
3.2080844367220447
3.2172070961850485
3.23793817850327
3.2418185049927244
3.2355601103089957
3.241018830752096
3.2423765083507465
3.239711568392876
3.2445124169194943
3.244985085086406
3.2428867498782523
3.2425681140878773
3.2444956960395284
3.2067145610908887
3.208452107172711
3.2082481646121646
3.2107699184996275
3.210136846099632
3.217290498526463
3.2454886013401625
3.2473475471594093
3.2456904042971892
3.2504268790332924
3.2459726261612345
3.2473110266756064
3.2433815559539636
3.244846864602941
3.2451954154849423
3.2481319864673206
3.213545303955985
3.2121766348121774
3.212548841485709
3.211199300989173
3.2121189684371285
3.217188949338041
3.249257808925788
3.247723436834834
3.244214891580103
3.248260094029557
3.2472899413481415
3.2502462212072833
3.2472411055856454
3.2454240959983447
3.246869587991847
3.246977569663049
3.2121610277938593
3.2157236945326044
3.2140916353039377
3.212321433119338
3.211348722634716
3.216487959305516
3.2511169552080847
3.250231125797456
3.2457758867775177
3.2492268425283575
3.2492595387309433
3.2491556955103125
3.248682839201229
3.2472371644414197
3.248992190319213
3.2494597269092753
3.2475128272090004
3.213909702050365
3.212258574028508
3.2125662960419596
3.213271639534711
3.2142701532392355
3.216700391063712
3.250266146085064
3.2455974239359553
3.247449410754904
3.25027968132626
3.2470292608811238
3.2460406435236875
3.2513419318160763
3.2487605244281834
3.247815519227285
3.247233217196248
3.248159665740695
3.249853202943282
3.212556420713106
3.214171531817386
3.2141925310299917
3.2113713451659867
3.2178308444044457
3.2505337495128552
3.2471797110573775
3.2519001240577654
3.2516586455872787
3.247911934584646
3.2472611150594872
3.2452073228480787
3.250908878638548
3.247080370212215
3.2435897093253616
3.2144073486642286
3.209129468220281
3.2124639444100125
3.2139684798852124
3.213893201946858
3.2121254153363923
3.2101270312684673
3.214113893188832
3.214767723062352
3.2120417023093255
3.175552826332666
3.216204823637024
3.215425488018878
3.2499348365144423
3.2142167654851255
3.2120408870639685
3.215810026680681
3.249663646573068
3.2454174021224427
3.2479988082636186
3.247742548002408
3.2445303673840113
3.248899851586876
3.250542004969671
3.2495326491027656
3.248605132608573
3.2464551064928124
3.243810681464216
3.250761120962606
3.248767011980517
3.248036888390789
3.251599801176389
3.2492832754491627
3.2475847494220087
3.2451032063367333
3.2463269255737908
3.2089928684498217
3.2111001245990227
3.2062608516909012
3.208853309641335
3.2050353540378618
3.208400634922267
3.2060715583264217
3.2100877249587523
3.210417950520108
3.2086125725495465
3.1720658860762954
3.133632381079859
3.176053754940898
3.2171254674974445
3.174829119415411
3.2494623554543547
3.247878506447176
3.248749663446354
3.248206075236399
3.247805203855582
3.2477379137884412
3.248337050453759
3.248049365788929
3.25009036641523
3.2501081892776877
3.249817051879476
3.246468923956478
3.2475316642907037
3.2495860541033146
3.249240292153971
3.247184822085781
3.2489684125496727
3.2490695407810053
3.2130330259001405
3.2115254481519764
3.2096188414619657
3.212331304686152
3.2125937934935247
3.2136211851430714
3.2129126404649284
3.2132458311583934
3.176758307415867
3.216697340385972
3.21696652617967
3.173021951478538
3.2162915263967014
3.215693006860916
3.2481071173625686
3.245483854651313
3.249461153150347
3.248008489601984
3.246115599266651
3.2478580517961904
3.2477452659853334
3.2472171965982795
3.2466622568053807
3.2496789834332565
3.2475676974968093
3.249386189588985
3.24808228086332
3.2493910460165774
3.2448065359894067
3.24946952251557
3.2145378016616073
3.2126798175459146
3.212737419223058
3.216904900348744
3.2470440580465065
3.2477181827700248
3.247739115458342
3.2474422207768825
3.2471675893194973
3.2487630528443856
3.25014911713893
3.2489958717606435
3.2470681961035934
3.2491673742425715
3.2487533915715234
3.249457763568551
3.245801689167807
3.2492072026867156
3.2495946111758314
3.2487166975016835
3.2492415242925596
3.249597553997264
3.2474059846335708
3.249437218734135
3.2493350014302425
3.212418038974581
3.2109854927960755
3.215449313505868
3.211355407044168
3.2110876059009557
3.214156114969864
3.211063138879372
3.2130791756986983
3.2142451533354865
3.215223543635613
3.1774165874389224
3.2472056605431137
3.249980502466984
3.247825851531806
3.247077497939207
3.2511517714689497
3.247899552346062
3.245313472453539
3.2499199968525914
3.25142196041102
3.2483637167842896
3.2490932791090423
3.2466043678797645
3.251177101499329
3.2481241851228235
3.2449978459281734
3.2497626912498543
3.249574415736964
3.251477751566487
3.2477154464139804
3.247343604821664
3.250751750145746
3.2478563704226997
3.247237560143881
3.247335912525524
3.250251836925866
3.2486895579775465
3.248473546769755
3.2469351375947944
3.250532911129949
3.2466222483320677
3.2490634569536794
3.2497424684008327
3.2142178116397195
3.214478662355546
3.2134481022549584
3.212704267533309
3.2133401508446293
3.2169156466511044
3.2483242018684355
3.2469158129538855
3.2465696613227997
3.2470205946600323
3.2488363790965837
3.2483315199044065
3.245393139256525
3.2490798816287496
3.248297268620071
3.2459952439508912
3.2462822602103873
3.2479450182250504
3.214538641557285
3.212747418887467
3.2117613636023137
3.2123876688319544
3.213153601534966
3.215315473628843
3.249780140673633
3.2481100805307705
3.2490064260128704
3.247969183979957
3.2461668034477364
3.2472455068761814
3.2471617194363587
3.2476449080228034
3.2444158473865152
3.247244907574213
3.248917585692818
3.212872272428856
3.2096920122197337
3.211675413349236
3.2128754435683025
3.2159466654956774
3.2484554717584646
3.2469653366947484
3.24247635333127
3.2441120907188834
3.2459947965524387
3.2439761931145816
3.2393518250029834
3.2485331999061016
3.2465698195821884
3.248454937247488
3.2120289002973377
3.2115614538048787
3.2093450352081048
3.2084762859079117
3.209553606780232
3.2144527288467146
3.244274565952187
3.24366564187336
3.245720309158367
3.24363237829037
3.2462118567913434
3.2437381566059993
3.24737635218048
3.244111866145117
3.2472961175724393
3.243435706528489
3.2458190540283645
3.2101700456011835
3.208862118585159
3.212302350768491
3.2096034640048345
3.2044305508115922
3.2162444966965658
3.2461348180569685
3.2412245552732557
3.246304173769036
3.240822049363805
3.2416792338425475
3.2379872534182432
3.239449842547879
3.2395402507311046
3.2394490111582437
3.245007956381932
3.2049605967056314
3.205071045229458
3.204478423826444
3.206443519430498
3.2007376435416353
3.216147731471968
3.239656490312049
3.2355630309433034
3.237321604408024
3.234540831495238
3.2378597150595794
3.2356437742164377
3.234333826482213
3.2326219099982425
3.2364365233953127
3.2279867200056023
3.1992020651767277
3.1970922501319445
3.194735158810891
3.196703996069847
3.1941680357031035
3.217026876065851
3.233932732732383
3.231212231886374
3.233496659328309
3.2308869071181223
3.2267978979843255
3.230471295979889
3.224758819776924
3.2308059245192173
3.226320313815562
3.2303835723189582
3.228432323343703
3.1887460240034455
3.1885955193906317
3.191695840048987
3.192496713266758
3.2170172686496783
3.2178060632088843
3.2206246163980348
3.21901418868824
3.2208854778479283
3.2194510979619637
3.2166497717493954
3.2168177387483174
3.219662452023456
3.2219267187660345
3.220019601251642
3.1801510198084615
3.178599023831449
3.181198393476656
3.1806126199445446
3.179264380229176
3.216823951756646
3.21414675251929
3.2104334861355395
3.212086701138755
3.211648043709107
3.211783357238458
3.213878120717811
3.2076558669896076
3.2110311081161
3.2121414107141915
3.211829124009282
3.208688523710117
3.207243504770675
3.1764634687446125
3.2158316030986547
3.176759146049762
3.217141897360608
3.217034541554264
3.2164167619392843
3.215571862710832
3.1736979081737102
3.2181791026532225
3.216703550991198
3.220405124552786
3.224386877125896
3.2239609364187056
3.2279312572993977
3.2270413651229903
3.224434757086542
3.1894994897207147
3.216923600216413
3.2272586274664916
3.2250479816179376
3.220408033733262
3.2295459489975777
3.2244607461871757
3.2299814669958486
3.220856628559518
3.2244979458593503
3.2253324939173313
3.2319627326244538
3.2337513528296706
3.232878098899285
3.23086458988107
3.233250306350506
3.2288079590463936
3.229903962015073
3.2289559604539932
3.2285147360884316
3.2305900263490606
3.2374582364149482
3.2336929349686874
3.2318638702952556
3.2344253465576407
3.23437542896549
3.2389220412001984
3.2379855125733705
3.240769631119917
3.233294639432158
3.2388162625692134
3.236198603915208
3.241043039124743
3.2388522432076963
3.2359658242120215
3.244595492953542
3.2387481606225883
3.2392170190858027
3.2401699982658148
3.2426267118930268
3.23641455463107
3.2396223858929467
3.23880216511528
3.238158280773929
3.240553391912064
3.2062872312092257
3.207909122957526
3.2047643060571103
3.208053902570576
3.217228960339583
3.245325392572114
3.2452309992903206
3.2449336307334886
3.2412236717026035
3.239569718632295
3.2460308003745837
3.241424307180057
3.240529722201309
3.243192261612012
3.2416046269023617
3.2451842367229067
3.24698043151708
3.2455953703330316
3.209419198760697
3.2105323557574152
3.2119989699636546
3.20651492697756
3.209514115944673
3.2167982665045045
3.2473599280905106
3.245123402228056
3.247218645203257
3.245032828158004
3.2461818914351928
3.248337874966391
3.245881630591452
3.2451308780220014
3.2477574790053914
3.2496822712439144
3.2082581001407404
3.210261767814544
3.210850883251798
3.2112968032299998
3.210431176552913
3.21711112760372
3.2470567161396673
3.2485829448501136
3.2469082042195505
3.2477558341677164
3.243903994844461
3.248695260238455
3.246654207850212
3.250164325925429
3.2479170457589888
3.2458544239310827
3.250139208112064
3.2106734301623927
3.211652620147868
3.2130315920794237
3.2123541247129626
3.21330473210994
3.217833763087019
3.246366825531223
3.2448756023855636
3.2489775985211793
3.2495242681457457
3.2510576853109763
3.248118032038689
3.246657304028972
3.2505299060704647
3.2474935228183117
3.248099605886749
3.2128016052150343
3.2133883337756024
3.2144789272411303
3.210100522493346
3.2149542541927363
3.2150643357432256
3.2502125744404986
3.247558574128356
3.2457294191165063
3.2491686054583586
3.2488666468352965
3.2508253084404086
3.246796929548214
3.2478130097962015
3.248565192167835
3.248225987834054
3.213259043920497
3.2131143660867933
3.2139114984127093
3.2119987643477996
3.209680939760765
3.2167701403210427
3.248427038331808
3.2502240409955925
3.2489025908091675
3.2506531825236005
3.2485435933179283
3.248863868128428
3.2469919274015404
3.244461683746639
3.249635325688678
3.248707301118186
3.209807860486817
3.213688300793533
3.2130935289686584
3.212934754627621
3.212032737339431
3.2134093155173535
3.2153864628404882
3.2099582270899187
3.2127568959003616
3.2118978594877055
3.174905284863747
3.2143239897291442
3.2158380140608456
3.247865031555351
3.210170376919568
3.2139470520069127
3.214885556482698
3.247117960684693
3.2443521032076874
3.2486522312867483
3.248881478539578
3.2475347533470984
3.246993517854019
3.249580981980853
3.2493568199605862
3.2447213936178616
3.250648678421516
3.2458116736035416
3.244765998695393
3.249402309794554
3.246525315641579
3.247860048612211
3.251888129508107
3.2499241490040034
3.2466907107016736
3.2480422567892737
3.249702809937508
3.2486082933483496
3.2460933434476154
3.25048345009889
3.246814591404089
3.2486959585134416
3.2479770881385135
3.2497023715299025
3.247273036109123
3.2491258473081714
3.2474752886775216
3.2465071203360587
3.2504820897380404
3.249289245861861
3.2499609212506795
3.246406608487442
3.247547336772251
3.251631929809973
3.2499843742701646
3.248921700918167
3.2119743373700427
3.2110416321418866
3.21455695414821
3.210918839723216
3.2116012544423667
3.2127371325970637
3.215818856993168
3.2460395831030198
3.2430038375704155
3.2485332591280565
3.2465848257348093
3.2509944945118154
3.2468705559780924
3.24756207607557
3.2495572922573785
3.250060879381475
3.24794654176485
3.24884772009335
3.2500560745624063
3.2138213425187665
3.214302482400698
3.2141349608118954
3.214725886435684
3.2134088782341346
3.21639416857526
3.24894694625958
3.2500927468121557
3.246382917846848
3.2445141933694748
3.2490426980893
3.2465741012358573
3.2481526713671935
3.247404541914654
3.248519935520528
3.2500306614083647
3.2478252911349257
3.248438969026916
3.2118565199351585
3.212566033185007
3.2122813537662904
3.2139346896741148
3.2125530931811332
3.2176141517587498
3.25037446261125
3.24856219336944
3.2499949505558066
3.248933479656401
3.248671084710377
3.248006117890964
3.248581890493667
3.246378578965521
3.2476404074715295
3.2439234809810245
3.2480402849249996
3.2114651165101864
3.214625123384525
3.213040601330503
3.2131384523259863
3.2136577169170883
3.216523144319425
3.2470091719691063
3.2485936157105275
3.247224837062487
3.2473201774282634
3.250611350050774
3.2471118766703317
3.2483157188248533
3.249890108776074
3.2493243954133146
3.2473129433966967
3.246928302201019
3.2136574992808664
3.2125857310007437
3.2107393591532607
3.212557280278673
3.212956505237885
3.216181520801394
3.2467407148208567
3.2472265425670295
3.249215615311619
3.2490052192599332
3.247073342786544
3.2502586728817335
3.248556812511241
3.2501134642269687
3.246505792687086
3.249741158728231
3.2132582579071927
3.2143882370262897
3.21255515379175
3.2138478809103166
3.215135400517897
3.2170867947934987
3.250388165613177
3.2494627697262732
3.248148393496412
3.2463442915549643
3.2493883530459042
3.2498974000913097
3.2479454298056507
3.2481980931996546
3.248626516882082
3.246301773367197
3.2498191602019055
3.213328714030694
3.21488685392932
3.212997102366235
3.2153119972212267
3.2080799745362936
3.217740845718838
3.2494117614212734
3.248492574083513
3.2490435942161735
3.2489702377105485
3.252540035818045
3.246694983471669
3.243196496245523
3.2497535952222916
3.2488250626482906
3.2505079869697706
3.247656521412607
3.2451842893167933
3.214117187099139
3.209691039968279
3.212254816713105
3.2135437191810703
3.213294130503764
3.2159873216924684
3.248423552221071
3.2478367748260824
3.249767597381298
3.248931626179255
3.2464783846682224
3.249682749948071
3.2497006240609614
3.2488858280826434
3.2451628232285272
3.249107749560391
3.2486987990715215
3.213727458175362
3.212724380824253
3.213213753934678
3.214871812080023
3.2143559174621728
3.2164228117611517
3.2480664538418997
3.24939810158763
3.249648721957165
3.2469971036865073
3.246190449712067
3.246486261321186
3.246439879495018
3.2473717559906095
3.244835187569882
3.2495607787505705
3.2464660010059316
3.2483382861137517
3.2136826566508145
3.213093154434812
3.213129801532022
3.2131599756068105
3.212770071194445
3.21540008167623
3.2464298114525723
3.2486670403211892
3.247007068058907
3.24767776219759
3.2454758368887
3.245284277366318
3.24575672310355
3.249971091221925
3.249451021945753
3.248740880098449
3.2453931807471523
3.248360997670353
3.210532071534142
3.211199906627801
3.2132333978009693
3.2125581234626646
3.2155018125105053
3.2496163470557202
3.251020486534728
3.2501354827327056
3.2494546941318774
3.2486851334396873
3.2472363729962437
3.2482300282695347
3.248651403875352
3.2489673531625325
3.249522446397606
3.21349637347758
3.2133179197829134
3.212888078753302
3.2098763139409856
3.2140307975193485
3.2158105500580656
3.2488993083345283
3.2471742549017475
3.2494879469535594
3.2452540537617116
3.249386883066424
3.248978110219199
3.2484489023128633
3.249062048998581
3.2471089676098015
3.247489545658804
3.2492813216967034
3.250727394582274
3.211987567439642
3.213875694770478
3.214204529141993
3.2125051613420754
3.216511367761173
3.2501596928270917
3.246708133620759
3.246345265952898
3.2472753927514857
3.246725346897751
3.2500743328473165
3.2490862253240835
3.2488759745396685
3.2514500054638726
3.2497957799398827
3.2135909722209792
3.211173034924033
3.212917139744169
3.21316549819539
3.2118028534624385
3.2166532022123673
3.2448283169642163
3.2486282467879506
3.2496932022016822
3.248241483247211
3.2456122846234567
3.246131563823304
3.250101223953378
3.248530589735309
3.2442322027357635
3.2524681816280134
3.2463285664444888
3.2114074304651488
3.2134973953616592
3.212896012197034
3.2131779882908096
3.213746657307917
3.217471186319026
3.246015934668485
3.2453570579527944
3.2458749271362097
3.24933314266152
3.2490480223233043
3.2455135686552956
3.2480216550101315
3.248746964656949
3.24638755905336
3.2462474144784212
3.2142058683290977
3.2128767955132753
3.210957742968732
3.2124582258691885
3.214854798881993
3.217372432628336
3.250104989817392
3.2488665565160297
3.249679541780984
3.2474228677415806
3.2457972446944328
3.2485040366685287
3.2502102848543517
3.245257356029406
3.2486896465007638
3.2465426248280367
3.249697639585934
3.2149476939769466
3.212547700195072
3.2131262083628394
3.214982353570217
3.21271554013165
3.2163917497275714
3.2506871286718164
3.24791556966303
3.249067335155801
3.248535399343184
3.247163340208215
3.2501165101662504
3.2485045723513712
3.248180560949956
3.24942700279295
3.248026112610986
3.2470194609947747
3.2131509276784826
3.2117209163093956
3.213146876973611
3.212792849739483
3.213660511013315
3.215931929642765
3.250939012538132
3.2493739564447015
3.2457548993647243
3.2466827224773924
3.250467207094919
3.2479020602912136
3.2513047797363943
3.24922252088071
3.2459668503609924
3.252055090565628
3.210668084427247
3.2131877617685762
3.2139955304421965
3.2121159693436114
3.213897680066545
3.2148393849338834
3.249901738988176
3.249150136754209
3.246164925155658
3.2473970325976693
3.2456954845513026
3.2475783740699793
3.2458834364925577
3.249351964547539
3.246792644979028
3.246797664117435
3.2492604977296584
3.211237051484333
3.213382854640068
3.2111839897657193
3.213078306975384
3.2105915871699544
3.216774618922228
3.252622469654702
3.2502768398885835
3.246530856596335
3.247983723997509
3.2456423818966456
3.2479838788037796
3.2443268758636656
3.2488945538533307
3.248257982304555
3.2500056749592687
3.246827169103605
3.2140792046241358
3.2150761755048416
3.2114427373039205
3.2131757853420586
3.211769407310723
3.2163372458119692
3.245261087140392
3.2463569444796567
3.2470447411204026
3.248554876458614
3.2462657929494845
3.250808240297995
3.2487121179823033
3.2468451886673475
3.246871639203861
3.2476453750165657
3.249247094109123
3.2456191701476866
3.211902145735633
3.2146819500026838
3.2117764179564774
3.2140331968301425
3.2136309173809248
3.216340025650364
3.24804726098445
3.2493689817959837
3.246246971994887
3.248143532860584
3.2514216022432563
3.250494051801176
3.248222401767666
3.2478187051260923
3.249461795598545
3.2486644071520168
3.250854104649594
3.2134569087886575
3.2132663056845314
3.2150298801906665
3.2121896735349726
3.212490371287869
3.2165106580088265
3.2496769296395587
3.2494335415943802
3.2503114343176933
3.2488063458104985
3.248361235446144
3.247373241598564
3.24709123453905
3.250212798743213
3.249984441897019
3.2488857267357107
3.2132964699180655
3.212150852148932
3.2134078253982232
3.2103130805776487
3.212270473711924
3.217583717554195
3.2512396028436994
3.2467130684089556
3.2483134179721693
3.2472296405901706
3.246570117943843
3.246274645572311
3.249109879234405
3.247176040158875
3.246419050859032
3.2493304405851267
3.2486420433285543
3.212208692839904
3.211650290783429
3.214505573520878
3.2144895558914715
3.215736691508236
3.216603602068017
3.2506424760455825
3.2471319472481004
3.2480472267959803
3.2503629326774686
3.2492850765242705
3.2480902388163915
3.250232634778858
3.247628866622276
3.2505701633839132
3.2499257304790814
3.2489321111413982
3.246497686679498
3.2115694716407837
3.2129186726872723
3.214629619344972
3.2150965158065197
3.212968309175527
3.216108107872288
3.2459851404404207
3.2479650571188667
3.2501903645876107
3.246889470050351
3.246725992090983
3.2477288047171324
3.248235023022946
3.247922455951193
3.2473435428191952
3.246770379437941
3.2516579162610557
3.213668592149022
3.20989007466598
3.2125398175661615
3.2131359448142933
3.211949450958386
3.2173601202188666
3.2497765572471384
3.245538313186921
3.2487434042057965
3.2461580500812963
3.2477555626058714
3.25123609771728
3.249665235269876
3.2473220067993744
3.247256529285552
3.2512804994805284
3.212590366279704
3.213102634129659
3.213447090562993
3.2141302791095185
3.2121521350110123
3.2168919326505523
3.250128171796529
3.248785023079282
3.2489391322061225
3.2471397131047897
3.2465757738068444
3.248057169180938
3.249770193598845
3.2490266628523843
3.249290713700926
3.250761643566004
3.211807160539612
3.2120387598634075
3.2107208659786637
3.2114230269082316
3.212830520891098
3.2159210360920545
3.2497793506475703
3.252069791458483
3.2461071010265212
3.249247178096821
3.2530304654948075
3.2474499147510834
3.2491530090747505
3.2485448501429173
3.251129098591121
3.2472065897621225
3.2141661384086144
3.213620094924575
3.213658549268322
3.214451433181558
3.2144427129430175
3.2168246509138503
3.245226189041138
3.249586289522444
3.248429021447106
3.2482567910289966
3.250456752147634
3.2483958917248104
3.249029660151287
3.249348995736176
3.2483831200396636
3.2467846998667085
3.249061534753956
3.2147080184749997
3.213327328561535
3.212259065143051
3.2123672007353856
3.217165966769503
3.2474016824045884
3.248805367088408
3.2469532153661445
3.249059768628041
3.247964303528257
3.2496732155517036
3.250944440886831
3.2493368664965603
3.2467767259191826
3.245993534441451
3.213205655774513
3.2126830403326294
3.2135298051062233
3.21432476241425
3.2152663066367317
3.216644907851067
3.2476848841040606
3.24931888743746
3.2488577823768705
3.2501807393026776
3.2502841149052264
3.2478085880195944
3.246789470529481
3.2495844200149455
3.2492805323772305
3.245939741356775
3.249705316984999
3.2488500774837226
3.2113422763690016
3.2124554370869323
3.209935120319108
3.211052464785362
3.2109396746827024
3.217667771429474
3.2493832759342296
3.2503907139559205
3.246879353911742
3.249115015909916
3.25066839139067
3.2512749591573735
3.249991824702218
3.249283490875105
3.248720417129287
3.2458445346534948
3.245184408460803
3.2498736209309564
3.212843445797345
3.2126650456696355
3.2141238129957106
3.21381602567841
3.2136577425939907
3.2176665200057397
3.2471532099717253
3.2461838129045515
3.250038045135248
3.2429903638814417
3.246071595868769
3.245492818544569
3.247640700499188
3.2493069087761635
3.2480065057086844
3.245987976218895
3.244901712422745
3.2509109841534247
3.213572109084247
3.213513105868124
3.213503648227688
3.2140837879339936
3.2126473159646696
3.2168187492242177
3.248318970772959
3.2506314612300318
3.2473050448971184
3.2443351641153093
3.2470687265810936
3.2464759841545634
3.2466795225715805
3.245584598150783
3.247415348797126
3.2474726424959415
3.2483511794912476
3.246917814801483
3.2097655973956587
3.21382900866947
3.2107901826596605
3.2123854130700327
3.214095973562731
3.2173241113903797
3.244329635590368
3.2467390376934047
3.2510053882681507
3.250158285395713
3.2478757166576373
3.245300538479499
3.2467690583201922
3.2491132736094497
3.247069644968646
3.247474369999212
3.249710345647754
3.2124655359751313
3.214046915260236
3.210724063886958
3.211864607434741
3.213058534338664
3.216414032356094
3.249843205970165
3.2520231751685493
3.249098556132765
3.2486643873435885
3.2463363376704297
3.2484465136509337
3.2474682012935574
3.250106510583842
3.2476756504787776
3.249306020781695
3.2473493783806275
3.247205335199495
3.211579425628229
3.2135450411868263
3.2137991958691075
3.2103640754616056
3.212356816346056
3.2175234785570463
3.2495946290286937
3.2501693766377335
3.2460640474942375
3.2481407796359982
3.246833823896292
3.2494295290844883
3.2420830642327187
3.2459071627275105
3.251213133759086
3.2467491055995326
3.251028868433764
3.2471312296207446
3.2085284109458176
3.212408978771332
3.210759745652042
3.211159953706576
3.2128541096367345
3.2167904311338247
3.247346843522121
3.2464899211858373
3.249729612857501
3.247328453822138
3.2475219308570904
3.2478465422757057
3.247641034483879
3.2496252350659973
3.248950050254876
3.2508099734439617
3.250453316189677
3.246046432197041
3.2122739495906263
3.2136910914225165
3.2151778977203604
3.2134571527956703
3.212891942547563
3.2163303519812567
3.2508858224974455
3.24982145577828
3.24761237357347
3.2470917440112506
3.247781193493886
3.2487594281821526
3.2445812382288515
3.2475644200570004
3.2476630764708725
3.2521488481475176
3.249679511027289
3.2135900084647187
3.2128773239444777
3.2142972681283326
3.2101492707174333
3.21261467521389
3.217729637639508
3.2483025893254274
3.2476667010427036
3.2479881242101776
3.2467811154095574
3.2495035220724886
3.2493845259203864
3.2470186773814245
3.2499403531903717
3.247060555507094
3.2467375079251246
3.246438553499629
3.2110056179265527
3.2136852826943167
3.214041264317092
3.2126398398383196
3.217358665763206
3.2506215689478206
3.24725732638805
3.250217805163689
3.246581442456923
3.2492549166825055
3.247706975928059
3.2488304622642374
3.2479958726424663
3.2491988431773002
3.247139275264164
3.2132076325327996
3.2135679684336114
3.215752305567871
3.2102116412635993
3.2115301553891324
3.217528799785307
3.2484514324962284
3.2509310655539583
3.2467340667302964
3.2472345367735214
3.2471704624502324
3.2488500193945717
3.2477465502921268
3.2489308043238956
3.2491849595762736
3.2493726165294836
3.2463614432845884
3.248481314026703
3.2132253499986443
3.2132179344483114
3.2127829276005544
3.2126137760123177
3.214487189634917
3.2495232328239956
3.2501572717415397
3.245356588481495
3.2452987902534045
3.2463716535592204
3.2492060818421407
3.2478503060757253
3.2498562012150094
3.2458698796493155
3.248986989344418
3.2101133027035456
3.2124574832589663
3.2093116895768987
3.212303971919441
3.2121668764942606
3.2170913812590336
3.2504848142934635
3.2515708113070816
3.246747150335833
3.247712686565372
3.2467425597131263
3.2521838577397615
3.247293295391553
3.2478580207995917
3.249713735379614
3.246366267356357
3.2499041242499755
3.244933235230887
3.2108410163466914
3.2126449783317503
3.21292125377179
3.2133335789101154
3.2115380092246544
3.217180616433572
3.246289366967788
3.246426300161309
3.2492506702568575
3.249129619856603
3.2495012610815786
3.2480968337592095
3.245345539184402
3.2511605833591877
3.248848075246812
3.2481752479507793
3.251346501760015
3.246142122275687
3.2116736120352583
3.213262916996116
3.211185460733661
3.2149919465805086
3.212921559290948
3.2175374250734516
3.2520548620440644
3.248600130205328
3.250487100973821
3.249824893236598
3.2484330649575908
3.2508513148320013
3.2463387965856554
3.2502387442796543
3.247985109750493
3.2486909042264154
3.246437390859141
3.248444495098187
3.2127081525933994
3.2119851373993025
3.213625165833089
3.21257414972496
3.214494110085809
3.2178436850767187
3.2482482985698478
3.2495874800610336
3.2481553026234407
3.249508620109722
3.248976611146325
3.2449371618284584
3.2458902999472365
3.2488966143234674
3.247378090590846
3.2484790767340517
3.2486241027944636
3.2138750500343516
3.2125905113963675
3.213307054673943
3.212110914237342
3.2125412968331797
3.2161351940994467
3.2496652584756665
3.248325869940964
3.2455548040396125
3.249444738181413
3.2481796996877197
3.2481046780752876
3.2484249528810305
3.2436341757677445
3.2500266782718255
3.2459607148083807
3.248114885467179
3.214081147196632
3.2105968508274003
3.2134991873569656
3.213793701787757
3.2135246539699205
3.2172080732490556
3.2445266896002227
3.251432022381832
3.249020442502456
3.2477677936037783
3.24838508196752
3.2486542895956534
3.2484973176973746
3.2440664924382903
3.2498870513745484
3.2468771011387467
3.244951255310757
3.246357971734099
3.214324173812261
3.209990874216407
3.2118267863980465
3.213481991935349
3.2163864327449514
3.247046138496794
3.246872700435907
3.2456169588964494
3.2501929449386098
3.24528032097279
3.2480080264739137
3.2497109392515937
3.2492260322040507
3.2508931736956486
3.2444644122701893
3.216502850557049
3.2126343156696855
3.2113450077646686
3.213805791319712
3.213595147821231
3.2167151947123727
3.248685728891594
3.249006277534056
3.247166527620188
3.2491517318574137
3.2491309548034994
3.246039358504252
3.2478125627388503
3.248647414984347
3.2474260154827777
3.2455913990663214
3.2492223877308954
3.2469937642293623
3.2143425481121626
3.2131479863520274
3.21293074379268
3.212104472398545
3.2137772740982333
3.2167755999869168
3.2507994390253274
3.24783920355833
3.2493204331231236
3.250818716788985
3.251326130500109
3.2495815904791456
3.2459313420728786
3.247481307801891
3.2516792691610257
3.2483682446161346
3.2497550175544174
3.2483425987406456
3.213588706690456
3.212656272526863
3.2128614742313135
3.211947543385728
3.2129685937131853
3.2162908075923844
3.2477909587022062
3.2463611206850755
3.2462911653258897
3.2497335082869645
3.247944609069783
3.2495384576272013
3.250450106860009
3.2485124516300616
3.2490775421253577
3.2498772277304075
3.2476148394053785
3.2510005237435253
3.2144943914379827
3.2124430256804026
3.212617526686209
3.213436825580693
3.2120699657228076
3.216687252596346
3.2495841834593815
3.247934158206145
3.2486522172162022
3.2448571115571996
3.24429757386903
3.2475736825948798
3.251182906951161
3.2490947589640933
3.2496024695004064
3.247803438944134
3.2499578498585215
3.213114941103058
3.2107919484502427
3.2149086130001305
3.2112749417293363
3.2121198071476567
3.215911899573432
3.251691828656272
3.2474142219888575
3.250647758204637
3.248340726321695
3.246782421533907
3.2441138937968264
3.2500990328176367
3.246284195303626
3.2490146013175933
3.25167119134258
3.2452441995684342
3.2479819162006005
3.212431757143046
3.2134232527381097
3.2148407902686547
3.2112898863663273
3.2151179908419625
3.2473785422224295
3.2484935865511617
3.2471905120726947
3.2469786274045935
3.2464330576736278
3.249282210883181
3.248483580800015
3.2486239829502357
3.2467008497396956
3.24956862329331
3.2116827870582445
3.213920796160268
3.21234081692462
3.2126469449896007
3.2125964608910893
3.216835601432609
3.2480824704943045
3.251495950147524
3.2493510710316817
3.2480394157747017
3.247913143687359
3.250719437346454
3.2487313990090056
3.2456104020665193
3.2479544824269118
3.2512632807210498
3.2499929012620665
3.2122827877044204
3.213842574994486
3.2107126951330285
3.214107453410538
3.2123867467562066
3.2172968000200304
3.248739970257723
3.2448088010814793
3.2472950168361083
3.2505837667532314
3.250408816373023
3.2474344798956896
3.249761787352504
3.2495099429042216
3.248819958125789
3.2496211911925057
3.21254857780381
3.2125441516945603
3.2111839731638647
3.211759591524384
3.2100937101952556
3.2167924973816775
3.250381171094956
3.2503473355946397
3.246697710047464
3.2491864441460248
3.248589843222678
3.248838418149962
3.2490982852126926
3.246275828276084
3.250612759874622
3.2510730091979783
3.249115062696896
3.213607892897226
3.2127878191516928
3.212277757257727
3.212928263177439
3.214473319261001
3.2455977180576103
3.247610729566147
3.24789267920559
3.248760433089438
3.244746309979954
3.250710224753013
3.2481466263938428
3.2528710452602696
3.2443816904200067
3.246215294392121
3.214888698404369
3.213743975594792
3.2114859006705854
3.2124591822427404
3.211576688742942
3.2174060447793837
3.246772681948497
3.2484463823350547
3.2492590091802684
3.250992932618741
3.2498358005040235
3.2505819813798156
3.2480955183888858
3.2461061718996453
3.2494891477460084
3.2465358780861053
3.248538316394139
3.214016934210243
3.21325172696742
3.2126590710941754
3.213946568081393
3.2107141713244927
3.2167565847626536
3.247941507048508
3.248154456648234
3.2455701862891098
3.2493629252301677
3.2482980769924295
3.2466126745321815
3.246695714290769
3.2498649365935397
3.2465026936569608
3.245392065615815
3.2090582110258135
3.2141934064973343
3.2146310707124486
3.2125306752564704
3.2143964873186897
3.216835697129517
3.2501734712419927
3.2496443361140153
3.2471296523487534
3.247636752162581
3.2490479645017665
3.246133549312317
3.244003238933008
3.247646148456361
3.247745628620322
3.2436689213350913
3.2477810440495016
3.2122168294218088
3.214913584997391
3.213891003105812
3.214799276266231
3.2147294083835485
3.2166462277219763
3.247465944051899
3.248386463329084
3.2473732515173532
3.2467002981359214
3.250336579509211
3.2493927182775857
3.249440722973944
3.2485585121561407
3.2493853293032022
3.246863560046812
3.2487692791389664
3.215333499219356
3.213714335172699
3.2137557217595805
3.2150085111052857
3.2141574710747443
3.216311019390544
3.2496111072627514
3.2475672245268976
3.2472514959775127
3.2492662236300194
3.249313054765387
3.2481231603608753
3.246076354822399
3.247178784770469
3.2469866282538065
3.249193305997902
3.246857183008753
3.248778966576048
3.2146125364377514
3.213237653731216
3.2124888367197166
3.2146274812175517
3.213646667780908
3.2171293725268746
3.248715264862519
3.249249355474145
3.248162525018828
3.2480222227409934
3.248334386773772
3.2497572550614455
3.2506629988091764
3.250069179515627
3.24967701657189
3.246402616776611
3.251888922691489
3.2471010400147833
3.212469924938201
3.2114930000032462
3.212292283355692
3.212968403608977
3.213166676665017
3.2173085191770237
3.2446718581303724
3.2461861364460685
3.2463217510405262
3.2501112991335623
3.2477278010110093
3.2463486457786797
3.248921573079729
3.245260754501538
3.250517835055722
3.2516795283773154
3.248878809251261
3.244847482044391
3.2133244920655057
3.2127501731300323
3.2135676856196187
3.21091091367908
3.2127171708491433
3.2177747450265786
3.24906530389723
3.248610330784078
3.2450367676333505
3.246439439659619
3.249401507576405
3.248933484910063
3.2523726455643303
3.248836084638154
3.247313652210287
3.2478236971947103
3.251291825788427
3.2122255587400135
3.213182764293507
3.2129747771444896
3.2125850339987108
3.2144290026766367
3.2174853665246554
3.252036328214191
3.24769335167383
3.2509369945138267
3.246702446815938
3.248886894326044
3.246061265835182
3.2463005178389257
3.2470903304842915
3.2492995261707645
3.2477219675421733
3.24935321168785
3.244357270268361
3.214269388833106
3.213666488346393
3.2121086740983777
3.212798927658255
3.2147844345959267
3.217094279806693
3.2474195287212515
3.246417282764912
3.2500471603890175
3.247433886506687
3.2472122775856835
3.247012965895053
3.245954969613026
3.2479163873348726
3.2480382060421156
3.2464072320239157
3.2458361870473817
3.211835544646533
3.2161540397301636
3.2137223859748385
3.2131306191789957
3.212981584226541
3.217047813040518
3.245931042299965
3.249243227364386
3.2473801747467093
3.2490010914315106
3.248255369331355
3.248159927248793
3.247162988766445
3.246329549522393
3.2467860082173265
3.2502502616614537
3.2483968044442846
3.2465544589745683
3.21248370611382
3.212183813098598
3.2122461298081246
3.2137302180696032
3.2122944152034227
3.217014151401
3.2489728240351776
3.2476565292260764
3.250290749914615
3.246455497429009
3.2467953540445462
3.248176818354576
3.2483317096524544
3.248547630214217
3.250807479999637
3.2445520338213356
3.2477005446700495
3.2435583011804487
3.213744735791549
3.2133333618252666
3.2150614487597022
3.2131146286484324
3.213531301260885
3.2169865332589525
3.2478908582992005
3.247514641102895
3.250729481998398
3.2498146118660913
3.246449605550442
3.248735404496176
3.250784988381265
3.2502573051654604
3.246903107537338
3.2488398924503796
3.2468260495967307
3.2137980185000283
3.210927904192415
3.212227554590236
3.212511277284878
3.2128138703617197
3.2161398316653593
3.245679414638613
3.2484206326218596
3.2486042639420742
3.2478672447086985
3.2495113891732714
3.249702055930576
3.2487127414636996
3.2464829645521402
3.2477088748229566
3.2474723695953625
3.2497446493739766
3.214866586999171
3.211621971409481
3.2136769148493403
3.212425796346038
3.2132092616332577
3.2164399926644145
3.247507962041788
3.250339728299732
3.249639570792371
3.248673315361146
3.249931856837635
3.2477517598960635
3.2469111663219645
3.247476211768145
3.249077111412331
3.2494894078791576
3.2463303543453623
3.2136156856857663
3.212541270880574
3.2117562841090517
3.212241776299331
3.213713722854154
3.2180081708327393
3.249207226702788
3.2474225465533517
3.247039160512819
3.2487942859034606
3.2464319963816957
3.245107218785803
3.2474924126890916
3.2489467926454587
3.2479686102825758
3.2493487266501444
3.2493093933864903
3.2155901144284074
3.2149138599954914
3.2118647425258695
3.213487947846436
3.213185576913236
3.2173280921254337
3.248192814565138
3.249581119905623
3.25000198060209
3.250069863870909
3.2489447750106235
3.2439820511653403
3.2513880082225186
3.2468921049758044
3.2464288961278185
3.250070117928511
3.249063179849886
3.214267519649753
3.2126010862639305
3.211272167176341
3.2151389674151574
3.215315554630287
3.2103187116726404
3.2139516726288977
3.212342504991463
3.211261730691325
3.176982041223389
3.2170811132597894
3.2160267061457226
3.246626738776809
3.2095825283716968
3.2153953296742652
3.2492057525464615
3.2474184535699386
3.2491112529231185
3.251537633078008
3.243547226721499
3.2493342643240286
3.2478777844802087
3.2460132729923483
3.250168697145181
3.248381470733668
3.2486817506671044
3.2492927424875964
3.249094232327348
3.249515831224375
3.2468447880659617
3.250800931876122
3.2494157654238465
3.2499614058355917
3.250110152836627
3.2476209762170605
3.2490504548299484
3.2479262169004524
3.248484232641162
3.247633740945218
3.247930022700834
3.249652523313438
3.247421253719302
3.2475428595075266
3.2448421278511153
3.24629678294167
3.212958811530576
3.209839268727894
3.210451098369481
3.2125056995139616
3.2097308051943045
3.2168666753417416
3.2469933285146833
3.247679721311145
3.246315274457782
3.249286055336839
3.2492329997533744
3.2498389117801763
3.2493729991493874
3.2447554277804453
3.2476928598662984
3.210165287099792
3.2101616745220247
3.211669813556441
3.2101548556373323
3.2106253894164474
3.216551709500408
3.245773885128798
3.2454041013928694
3.2495443243532094
3.248306098867043
3.245052793122698
3.244691901054272
3.245890412864301
3.2449840936292955
3.245842527158731
3.2459512375153836
3.2449074887654654
3.2092854500371444
3.205147444563575
3.2101274784728493
3.2088058281141674
3.207195946348274
3.2178754913678085
3.2439880048370777
3.247375285958956
3.2438086560448176
3.245201705137285
3.2400829225613372
3.239554014750261
3.245213411501253
3.246099451813854
3.243409749871634
3.244924522557185
3.2437175505114166
3.2077356156092303
3.2019921307642636
3.202722244806788
3.209049755821458
3.2070007063676638
3.2165239332775823
3.238512772349732
3.238250303080163
3.2414536172634256
3.2397390086826943
3.23876968887108
3.2407124894181876
3.240673191560093
3.2371561907081006
3.2359486806541344
3.2377824688103995
3.238839248545491
3.2405587810619987
3.19914620006739
3.2006630906387725
3.2019722526539227
3.2064818528588725
3.201351954781543
3.216857125919478
3.2328956181810184
3.2351548192768607
3.2324481411230557
3.2312074275245695
3.2375431370275933
3.2338934173773444
3.2285418836932127
3.235910108411907
3.236861072977278
3.2280285847675265
3.234923365153525
3.2325012824457473
3.193694179741092
3.189834132004004
3.192899256475765
3.1945834568882097
3.19001265376817
3.21415090253701
3.231253422514931
3.229360250135875
3.225742052666608
3.225943876030434
3.222018028877285
3.2207305398890234
3.2224726826835113
3.221681851822199
3.218489793246455
3.221930289332768
3.2188647420755045
3.188246818174785
3.186160986801677
3.1772722014935773
3.1820082892614456
3.1808513168742913
3.216821406777539
3.2176123620798607
3.1751652430746864
3.21523754517875
3.217593572743471
3.215830734428019
3.2149096919424562
3.175103674020767
3.2138243177982098
3.217799793349974
3.230140999827325
3.2323057079261295
3.2359629249547655
3.2345270975226694
3.2259268698693515
3.2337564858703542
3.1989976606615063
3.2167040053373954
3.229754764001599
3.234998958584925
3.233925614740902
3.232873760293484
3.2310268712210424
3.2310865688436476
3.2359210592726524
3.235682771637878
3.2335605686032656
3.2359737252483862
3.2384206045762176
3.2365320986500836
3.237659680351296
3.2415821907458335
3.2312831911522
3.2417745078881417
3.238665724948888
3.2392850152669705
3.2390037976912587
3.2386788856621274
3.2392875018889984
3.2434342009633137
3.2385916030215314
3.2407422815879006
3.2393286001428026
3.2432553627696175
3.2439139257041174
3.240190120093032
3.241117712460022
3.240883911426246
3.2431137162328803
3.241244095129728
3.2429694170395837
3.243798830281685
3.2426571723335784
3.2443538731022126
3.243146079270858
3.2446070663399813
3.2404751090933632
3.243394457296094
3.245157342688027
3.2424211998035433
3.243728846029632
3.2458265044962
3.2469340655405494
3.206142149215523
3.207378488521594
3.209959809199841
3.2111003314043556
3.2092438135348833
3.2171394164552503
3.246776735997852
3.248309980587511
3.248217456870743
3.2462904262506087
3.2496644716530647
3.2440762785018094
3.246100323994805
3.2483905571151284
3.247253701626509
3.248749703034098
3.247020567583461
3.2480464895029226
3.2464721682707367
3.2479211797862177
3.2103360030999126
3.209972022678168
3.212074497871996
3.209534483922448
3.211659007212612
3.2164218541288747
3.244066340466795
3.249129577889362
3.2488144748438885
3.2466035514106943
3.247214910653808
3.246193452751405
3.244905213801101
3.250086792077557
3.245344724022761
3.2460881789147846
3.2448796365111745
3.210441431812386
3.2122426393800665
3.2109710727419847
3.2116096330921007
3.2091480285367515
3.2169940827309595
3.246865326534076
3.2484989683522985
3.250783787878805
3.24888344577858
3.2501307681427747
3.2461989291852515
3.2494447658959036
3.2494696632602063
3.2494173479479413
3.245917819808868
3.2476340587358377
3.2478408659530245
3.2136061000165586
3.2142491368481245
3.212301035048954
3.213286665503412
3.2126173712688533
3.2168772200760603
3.248398508726891
3.2500308459316423
3.2490454433865197
3.246406401815111
3.24926634772839
3.2478014496942826
3.244368344200542
3.2484193398589998
3.2458675540550797
3.248442367435439
3.2452600639636935
3.2487208298596095
3.21244372801777
3.21350807539372
3.2143338350327246
3.2137930768669434
3.213561461292824
3.2167156903615592
3.2493586295049375
3.2482565582566187
3.2514741566572876
3.2477807014349693
3.250719845656147
3.2493154343597785
3.248729789892231
3.2484819996617156
3.2447600796335245
3.2474912236975917
3.2499344088682722
3.211692240862732
3.2133112073670005
3.2106685689603167
3.213292552471183
3.2123558648779595
3.218303895311796
3.249187680338639
3.2467044279739468
3.2475298664265915
3.2490662319197674
3.24821269992501
3.2472228346894294
3.248568803110812
3.2487665205960923
3.250416828721028
3.2483278132058375
3.2469448028666283
3.215887527924884
3.214603778666413
3.213769480878606
3.2121582086638654
3.214958380274873
3.2133371931061387
3.211942649169184
3.213919739421182
3.211774378971278
3.211002212613338
3.176480904792292
3.245617722899687
3.2488766104237294
3.247151867063845
3.2462583637177547
3.251436526572319
3.2468682806615377
3.250536348554134
3.2486281763740434
3.2491111819695493
3.2474710212523332
3.2489645579857496
3.247590620551808
3.249936549395946
3.246868074117854
3.248319879186572
3.2493060017575175
3.247002338695766
3.248654523012755
3.247646448045086
3.252629390404523
3.2486622818440525
3.247222925686759
3.2490827597358645
3.249371632069747
3.247967166313757
3.249289939604889
3.2486068986200105
3.249470308738241
3.2480391327367717
3.2486081773012114
3.2491769661824783
3.249325590579102
3.248295147224379
3.2493722441282196
3.2512614294022124
3.2452513631289106
3.248104388669447
3.2060888175186544
3.209221655904876
3.205837286808311
3.211112932108711
3.1733132853725334
3.1704670425827737
3.172216766592055
3.1706424494981107
3.174271333416829
3.2175000923494443
3.1769131482184436
3.2176692548587793
3.1768535441324652
3.213147486227502
3.2140764332613316
3.2118499236606786
3.213654792361376
3.2145220357267363
3.176291681029117
3.213268626151419
3.176355480522767
3.1752353212564683
3.2176732485405664
3.21546261954984
3.2475954492164516
3.2483707688909753
3.2471636803985344
3.2493458561987074
3.2522695187132604
3.249508118389349
3.24610307715073
3.250002326204626
3.2483233018669826
3.2492956411230547
3.247993763672107
3.245330309483752
3.2109258567176755
3.2161488890844123
3.217162395743324
3.2489968018161335
3.2486670723728075
3.2492932552100187
3.2516532023376445
3.251200048968872
3.248829061425087
3.2486036147378545
3.249227228049856
3.247095737483298
3.2503386440137083
3.248445946253018
3.2468281278978828
3.248159964575035
3.248456963243783
3.247867450143057
3.2477868624514765
3.2445354089426703
3.2479258825166863
3.247810259764302
3.2499671792651164
3.247329000181199
3.247999506234897
3.247601053174284
3.2486130288914783
3.2476024543152473
3.2470638586672305
3.2479583821729983
3.248729702708279
3.2480828916257867
3.2436566565868463
3.2124621138799268
3.2130951874825366
3.211539837568515
3.215044578348061
3.214351988740871
3.2134759223455975
3.209674800334627
3.2143648052696063
3.215177348990381
3.2137263146238335
3.2126431587901187
3.1763975437814183
3.246143155893666
3.247977354539571
3.2501672080736164
3.24882421419651
3.250238691891236
3.2526045509572854
3.2495888321941884
3.2480023029402365
3.248725763799016
3.2465742381824563
3.2480175530602033
3.246680460234156
3.243775278547531
3.250079449966907
3.2475641928745196
3.2494873726095763
3.249859305688645
3.249214701143378
3.2507523617461005
3.2512181378481686
3.2460176173344952
3.24666326168484
3.250047065911003
3.249856972026438
3.2456934663702235
3.2474954823940627
3.245447880510728
3.2485722511937345
3.248145766801737
3.2479783853604633
3.251440099243902
3.242698663363206
3.2490438044923056
3.2499292435222698
3.250373503300469
3.2124676490625763
3.2128851306203736
3.214623166286174
3.2133797045165706
3.2126410918156316
3.2171282073502288
3.2467960771929705
3.2488957428797476
3.245967044436359
3.2488729695324494
3.2500683629664944
3.247358534855345
3.2464812835506645
3.248397397708265
3.2487491434152345
3.249216621399538
3.249737828849184
3.24970940749726
3.2125185833869563
3.21140082954649
3.2110135595259655
3.213926508630392
3.2126656373938505
3.217259568251128
3.2433214156617773
3.246114012874447
3.2442391797513843
3.2440560608018485
3.2488315806689507
3.2485579731670353
3.245290055667824
3.248291231840906
3.250360048514615
3.2438473357107664
3.250063369169823
3.2088434484507644
3.211442752996243
3.2118473351398418
3.2115968465869034
3.2111325071328607
3.2140284398560253
3.2482402557927297
3.2453969169486165
3.246514628023941
3.2470651559224337
3.247519712509938
3.2479645735318745
3.2471045652931165
3.2439680933405706
3.24747454400044
3.246985009306324
3.2446098179902076
3.241715537673068
3.2103452453948913
3.207800120930414
3.211054522876907
3.2063817210466685
3.2110755664679296
3.2173582105387415
3.2428179919239293
3.243917170116979
3.2481812673415833
3.2413145702461335
3.238163927422834
3.245269638568476
3.2430344126376607
3.246932455852403
3.2452744409090344
3.2448059407809087
3.2434476102582077
3.209832708965971
3.207198510466614
3.2079187088087853
3.2068586055366555
3.2057780175399206
3.2176199238040426
3.2401475097416363
3.239430053180597
3.2372827619179274
3.2456670627998623
3.234749419045569
3.2385666671457463
3.2407880923941126
3.2421425166700173
3.238885304449888
3.23935010799028
3.23752443879421
3.2396890847564173
3.200587014281504
3.200508731521147
3.1979174462802313
3.2054887815915296
3.200591921942263
3.2175221519446064
3.2331089398606467
3.232151706952506
3.2299336800512397
3.233616808686103
3.227902252201445
3.2327645725036636
3.2294071316436277
3.229185592840167
3.233593010764659
3.2294049999130916
3.228247888922808
3.2253967585903927
3.188721416729437
3.1885255132089014
3.183828342498992
3.1891471721523335
3.1909581016454895
3.2159177224218554
3.221889545796547
3.224556140575244
3.228930248027165
3.227743186180365
3.2198995536666257
3.2254228062238717
3.222136361270106
3.222884142014173
3.2218246348620165
3.21761100373297
3.216985324746555
3.2185094873242237
3.1792801202110814
3.1804935712126916
3.179318620979156
3.178642475964665
3.179394536052592
3.217088497555304
3.216446471537944
3.1772514261032887
3.21546831337497
3.217633786058109
3.216102455931788
3.216604060921706
3.1768163427508216
3.2173448215456877
3.215861934867922
3.228433467096796
3.2304315271121804
3.2276161725401082
3.2275936603317925
3.2270434308489606
3.230332361581039
3.1976341826793444
3.217105237623862
3.230157432449439
3.2305478792539426
3.232222414040722
3.231009560406681
3.2287959404256057
3.2394684075626485
3.2347852811950326
3.234969362581976
3.2327833696864188
3.237025618712702
3.2353789658532266
3.2380703382651146
3.239437623373456
3.2384528279764564
3.2380415617581817
3.2341498034402956
3.2373422730489225
3.2357770259944396
3.242876963405618
3.2403905896561587
3.238165849067395
3.2407703826424092
3.2383476004386282
3.2381091946660487
3.2389942939281964
3.2445271527504294
3.2389533304124822
3.241042275896642
3.2414309775060257
3.241905379072139
3.240775668849262
3.24356840255449
3.245804666140096
3.2456450117530977
3.245146533775527
3.2403960682025548
3.2438173746070964
3.2405375831480447
3.2418262717428155
3.242568965653145
3.2445970415887206
3.2462904338367395
3.242088388561745
3.2438395351703573
3.2430052109111793
3.240926682206211
3.2415461030493544
3.2456654137596974
3.2468834323463964
3.24507661271653
3.2468850822262496
3.2445830551750445
3.243138621905801
3.2419548955826825
3.248038281534098
3.24671634140365
3.2421646634234236
3.2467590566483513
3.2472450530135553
3.2492892376210754
3.247597755913539
3.2463951787232994
3.2471522478094172
3.2444185946394155
3.245932426442474
3.244183585364718
3.245210193878574
3.247216030264408
3.2455699879060633
3.245749621327715
3.249439932085686
3.2468664358729256
3.248003820083435
3.2444328962253843
3.2476999525075256
3.2131490504749145
3.210227359599029
3.212195673119239
3.212631044182946
3.217175547244063
3.2447496069118134
3.2453934818834003
3.248419320398903
3.2522132509450867
3.2461713022366667
3.248685043034939
3.2466580911386593
3.246080673292004
3.245070557430646
3.250068582472988
3.24782478972055
3.212599163282918
3.211436549830371
3.214990790591447
3.209066028580042
3.211209230603934
3.217465982384688
3.2468047089426286
3.2467157171844883
3.249151272877733
3.246924324965231
3.2468520323963457
3.246770542964087
3.2462557852228815
3.250777170007297
3.2441092320239835
3.243981950138818
3.2126654145094506
3.2135051954485028
3.2128165535911486
3.212439351352827
3.211456185685516
3.217174778701347
3.247723083335556
3.2470619815265276
3.2471181261663005
3.249110258588217
3.2474078924251977
3.2509646873283855
3.248123898329881
3.2498853432895785
3.244389352819747
3.2469803756627824
3.248200624558871
3.2129282066934994
3.2125396696484647
3.2103256622552556
3.2148783052940795
3.2136323313818096
3.216850286827118
3.2472455993235454
3.2473962493721156
3.2489443861790455
3.246257227327336
3.2480233262696006
3.248041923016471
3.2468431649401417
3.2449678237681923
3.250047037679023
3.2486641466210706
3.25101752597286
3.2141006153490523
3.2123430693174724
3.212833661731827
3.2115236900232853
3.212758532605392
3.21426665891144
3.2122909782607607
3.2131510223629447
3.2164218339878428
3.176103409685865
3.2167606176753014
3.217050305771214
3.2483019248778198
3.213367443210457
3.210353587233712
3.2170652428941673
3.2489285783142234
3.249697702405151
3.2520591696543137
3.248583831388903
3.249537865117967
3.250306249028985
3.247198088752109
3.251039273481809
3.245754453490916
3.2487754420601336
3.24821845428841
3.2447672279582496
3.24723999271715
3.24587552330504
3.2469516378127747
3.2458465374933416
3.2488928234904093
3.251922824912872
3.2485915554306235
3.2469533825128036
3.250276023240609
3.249721645313925
3.2498038959809716
3.2483449489839535
3.2477306635340586
3.2469415078862323
3.247444953637858
3.247099661955685
3.247609192492256
3.2470724354200255
3.247391207144566
3.246073331177166
3.2522420917047032
3.247570111648742
3.2495226715006584
3.248061596854868
3.247715780049512
3.247005480964847
3.2440412641914165
3.250333064439617
3.250461289006005
3.2450010353402923
3.249639377798939
3.209905030929937
3.2148457594986035
3.2104739440045456
3.2129240385527753
3.212403559113692
3.2140326486210973
3.2128309053550494
3.212164672861836
3.2129528146248556
3.2120746144654717
3.1768359022014625
3.2164296648951645
3.215963035884254
3.2481309740743343
3.2128956594144853
3.2133917752601624
3.2162055951074042
3.2477573032845135
3.2489323049038052
3.2464286331192413
3.2467814902596692
3.246629404132044
3.2467533325892846
3.24891921147894
3.24742090373002
3.250548315782255
3.2496407598651293
3.248485960729295
3.241165774839991
3.2471190783332866
3.248416506365634
3.2516150597654896
3.249833188846107
3.246897668706778
3.2478939969032665
3.2478455439531095
3.245814506922176
3.2487476826208095
3.242590417477637
3.2458969591049875
3.2478042758032926
3.2456760097575073
3.2489573791501125
3.2459057084220366
3.2479315722237736
3.2479995257197043
3.2124242631182454
3.212336011016131
3.213990876918162
3.214596228931244
3.2124171333067206
3.2121905370362924
3.2168680113755292
3.2513765338282012
3.244219293379237
3.246611806484817
3.248269845893895
3.2497391244613536
3.2493815303226463
3.2455799678567994
3.250007004545451
3.2489567051044688
3.2487878295029904
3.2104098103704275
3.213697114290082
3.2110210650209505
3.210585294683778
3.212542050441846
3.2174271607626155
3.250064759529075
3.2440957823283414
3.2460300122792143
3.245997676369432
3.243293399741367
3.245532230143967
3.243672896472179
3.247841596438582
3.2422496548836515
3.249427392742297
3.2474539678288434
3.24746662472389
3.212188359765594
3.2107548406737965
3.2093870669405926
3.208916108542208
3.210546919730623
3.2159965363109513
3.246266448323834
3.2467161048878865
3.2447392368534578
3.24682419007262
3.242724123196913
3.2426910408596314
3.244070164101228
3.240428661823085
3.24421514735094
3.240927100987605
3.2425520982263016
3.2412844553079028
3.208118849824128
3.2074259123102435
3.2079055729992096
3.204685732181496
3.2070832289705953
3.215668506068602
3.2443932486501703
3.2436224220888628
3.2392257105695488
3.2422195551565887
3.242128385069005
3.238202325322195
3.2403143345478704
3.242299461473585
3.2418025852861576
3.244092291873203
3.2433831557587123
3.2057704457230245
3.204089221310157
3.1994037880852684
3.201837351550997
3.2036785515602895
3.2155013187484442
3.2352409569079597
3.230707354257393
3.2350620551577163
3.236061662082482
3.238882958736885
3.2346261988107163
3.2312858445870853
3.234501177426779
3.2291785533625506
3.2340047127577636
3.1992607945305314
3.193898788606167
3.193785134004678
3.18896582406362
3.1945799724547164
3.213459692402463
3.2307811332145526
3.227778682524195
3.2251568398120916
3.2289021564073956
3.2245764920233833
3.222152661397863
3.2242034986822103
3.2175438782869628
3.2230478528663125
3.2230730772300453
3.218149377778612
3.1883553657400188
3.1833864821054987
3.1859835656111657
3.1849219268132507
3.1852834174945537
3.2161616522232883
3.2148391268120937
3.175800541908522
3.2178628518315904
3.216559302243905
3.2166557084015492
3.216235795489882
3.1744516516804
3.2153111635297393
3.217083450552283
3.2312666610645864
3.2318066346062904
3.2166501009122226
3.234020647442261
3.233661797278205
3.2320231393536636
3.236084020988622
3.234784689694539
3.238292622158883
3.2349607280972594
3.2299186511062206
3.230566187379438
3.2355772631246307
3.2350900614346223
3.2386797393081057
3.2409433752537766
3.2384299561358145
3.2340923479043546
3.2379128233759222
3.2351876463490497
3.2397483415480055
3.2406441415932474
3.2412003302887276
3.241049022092848
3.2389931647699677
3.2406799561373028
3.2411814943840005
3.236884426111441
3.2404236235323776
3.2413785279457654
3.244404498425792
3.207507697056412
3.206083522251294
3.207945016516478
3.2037300066921968
3.2169828894848496
3.242800083250724
3.243760786473813
3.2430073875800582
3.2396687321202684
3.246686110502003
3.244622223836351
3.2439694037210596
3.2432280232667745
3.2420442499143167
3.247546738733288
3.2461900363538336
3.243175039692466
3.242660269188386
3.2425429716161345
3.246636669887222
3.241773385206674
3.243506794409319
3.2459804863221557
3.2108889065680217
3.2112846615455206
3.210192816829333
3.2105789326329064
3.2129237285413614
3.2179590989813285
3.2470213583675798
3.2426634726148604
3.2448550365980546
3.2461911967341113
3.2438372075271955
3.2458612443241157
3.2489554590545606
3.24479635300763
3.245407556494015
3.210273304798318
3.212369178538979
3.207066403395473
3.2134794332969845
3.2114759434507234
3.2165811302049803
3.248706064132787
3.2473636538897903
3.2494353701492997
3.246347037514164
3.247558412930915
3.2488303408925847
3.2505659389144603
3.2446195320159044
3.2495276855559965
3.250850662253858
3.249077885246124
3.214420728616156
3.2138155112446976
3.214718897156841
3.2127934439795633
3.212168847797028
3.2158864359699435
3.249941085859625
3.2493689488677737
3.2475984541905825
3.249523619056377
3.2440364285059515
3.2470575350315007
3.2486343443880035
3.2494902548146993
3.2480872199489985
3.247323580098077
3.2469366458941833
3.2118356197299756
3.2135335790200767
3.2117331456516407
3.2140876045739177
3.21433877821101
3.2167036671284315
3.247124848265905
3.2510825916586263
3.24772500953176
3.2488327954163876
3.2458530907994225
3.247066456576974
3.246717188166299
3.2459273741202033
3.246355296382477
3.2481612069968775
3.214977642476121
3.213838109773767
3.213704478430283
3.215179352601797
3.2136392527140996
3.2170149732005076
3.2483257519116147
3.2497386132107837
3.2484154641709053
3.2477866402714115
3.248428727287816
3.2491615431445204
3.2486474596580743
3.248100687793725
3.2494319345363754
3.249535309139411
3.2131639506393497
3.214973724867577
3.2141649796070264
3.2137822884634093
3.211275356322291
3.2115139132387225
3.212966192439569
3.2135519711728584
3.212948658807959
3.212545750770839
3.1760820787544515
3.2164544951851806
3.216031107555635
3.249830137832773
3.2131999972017304
3.2133273474495803
3.2174750704254147
3.2505571858228977
3.249332442754642
3.248349857634145
3.247617113814227
3.244738134302023
3.247353873761779
3.2495391671765703
3.2460724558786014
3.2479508233982464
3.247276692146883
3.248347468880463
3.2484745367446113
3.2465680966420267
3.2474380820932094
3.250322356455735
3.2463911758808024
3.2462589291576944
3.2457995517778095
3.2501420269405146
3.2489850571368186
3.2486497190382773
3.2489835174922903
3.2448703765932483
3.246800037889181
3.250297186813622
3.249510722095284
3.248852619186151
3.249008649095755
3.2447356490713335
3.2484200418576457
3.212074967556631
3.2125754284145747
3.2132838817588216
3.2133513776474247
3.211246411739271
3.2126250451785334
3.2172609881368857
3.2490019302243702
3.2497098920953285
3.245824402962455
3.250992342078311
3.2473519031398768
3.249366947019934
3.2492609535919046
3.245569505221564
3.248397747795949
3.2498069411672144
3.2491991070438035
3.2134701514371273
3.211565059918712
3.2141609987093043
3.2140464102355737
3.2145434127938834
3.217335314776594
3.251137845558117
3.2494389889204873
3.249618249364965
3.245024979619645
3.2510465107972024
3.2492046666908947
3.248763327804569
3.2475217019854634
3.247028794111665
3.247542086917812
3.2486878916413566
3.248917315596865
3.2126224072376592
3.211853198034498
3.2139457154373865
3.2134920198514925
3.212689546857445
3.216900406245522
3.2454421502888984
3.24865560875477
3.2456408060672106
3.248398594789218
3.2491997922288536
3.2512090636435236
3.24867023223503
3.2501359105859273
3.2462167368400623
3.2458326047126964
3.2467455550407673
3.2501843566252338
3.2152693231984695
3.21479326320485
3.2130949635994552
3.2133891851767467
3.2159391659872703
3.217713818676558
3.2483311486545268
3.2505902738443058
3.2492368076347207
3.245017141922507
3.2476558535551963
3.248629589811884
3.2458914028769272
3.248478740527446
3.24593395004367
3.2488322077105907
3.2455349514538003
3.2116870264402597
3.2127404439235607
3.213809042731843
3.2128780704864544
3.2100093128268288
3.217317236711166
3.248173207647729
3.249536716752621
3.24694490070698
3.24759642994356
3.2487159189801815
3.2482548191039182
3.2501320822822413
3.248077835781962
3.246998788006745
3.2472646706950563
3.2480939394849417
3.2118624112778122
3.2129718702278667
3.2132012324100585
3.2135076879303686
3.212820607386611
3.2174877072181345
3.250323902789828
3.247429257155849
3.244648578910298
3.24741038207717
3.2488359566358613
3.2458928479038893
3.2449463970541035
3.2460092731486725
3.2515251558936886
3.2463032256182665
3.248429614637673
3.2113638556992363
3.208606053458131
3.2140672628804876
3.211183956649421
3.2143664342804557
3.212896680712122
3.211274619005697
3.2131300239838554
3.2137146531572873
3.214515053181388
3.1765216016579094
3.216880555585963
3.2165644576305703
3.2508517941261883
3.250219313150469
3.2107414762636703
3.213946019438773
3.216784709940821
3.248330819300618
3.249607717580383
3.249010769821549
3.2478993744695512
3.2455123144270623
3.247148386265856
3.247285082246959
3.2472812779720255
3.2469212912894716
3.2494183267149768
3.249203753240072
3.2462609551401473
3.249194672207994
3.246579144374693
3.246784350949629
3.243785915695892
3.2468764086675486
3.249603882546667
3.250763712447869
3.2479180755861736
3.2506860074432162
3.2429738553427976
3.2484930846392994
3.2486018051730885
3.2450897224107607
3.247032289583693
3.2469880098042925
3.2441712423213174
3.248673348513636
3.248851460492363
3.2481192588098007
3.248445713423747
3.2447211906896447
3.2466883618191944
3.2503809450814902
3.2492788573971696
3.249505232002312
3.251114911518274
3.245576312949936
3.2087629283274084
3.2112526019064194
3.2138459224044027
3.2102858158359675
3.211530933542233
3.216027316430745
3.2483898587946274
3.245350083568703
3.248664225640035
3.24597058788776
3.246055827738579
3.2497458466050584
3.248415660849198
3.246594727197268
3.2427339889831646
3.2438915422040937
3.249386449758451
3.209574776978298
3.2119206585627267
3.2129180500512016
3.209864220086237
3.2115814225412183
3.217437052938602
3.2483174024806902
3.2449792431507563
3.2461225951261548
3.2427673151397953
3.2408343659316876
3.2447490517698783
3.2463643485597355
3.2430242897830337
3.2467975478009032
3.240847134724923
3.2414300225361368
3.2417949852660235
3.2073895950223967
3.208426243723641
3.211160381617784
3.2075128287868186
3.210746384518479
3.2173605304087296
3.2422311824207397
3.24491754443157
3.2398483634869812
3.2430029728207543
3.241005760766936
3.2404390610100373
3.241923785679997
3.2384718381990254
3.2378151649813405
3.240082343210292
3.2401440544640736
3.2040424354069637
3.202934493904074
3.19779051237769
3.1999895013968738
3.2027221633414316
3.2157973470189223
3.233146907654132
3.239499366164979
3.234465255893709
3.2341775062449267
3.236286372219354
3.2376043512362918
3.234445658841285
3.2376571734175057
3.2366474616276504
3.2299027377961376
3.2303497381810002
3.1983249491053805
3.199046984431567
3.1979190740273444
3.1951614788329743
3.1936271136816825
3.216540379226274
3.223837976490659
3.2250367621424663
3.2272415638544296
3.223635473471331
3.2301532936882946
3.2270032230988255
3.2270332240347526
3.226968376239118
3.218776384111591
3.224722565694588
3.1879409000303762
3.185503662600979
3.186800370271825
3.190736312176101
3.187026088636917
3.216985013897273
3.221744701323971
3.2192114536819254
3.2176053154370257
3.217160919327811
3.2170696270800567
3.2170819476618737
3.216403019528446
3.214052706080167
3.215600307346666
3.215521996556291
3.2130016594945627
3.177423116280759
3.1768015129817933
3.2146350295739663
3.1771225740879077
3.215003068608782
3.2170574829674825
3.2157992730731095
3.2147906801835022
3.176796811486178
3.2155888436823155
3.2163295793305147
3.2308799342704786
3.2291308817639113
3.2287893783913506
3.226426843790234
3.2285865678385077
3.2299278217233978
3.2297996722563513
3.2271424555125012
3.230319991045047
3.229253463003359
3.2304748677262856
3.196475735740303
3.194502267924285
3.216187127120124
3.2285024579674113
3.2328792693662622
3.230884989792598
3.238698430846182
3.235185575997145
3.2318557349395642
3.2362772219874683
3.2338441292515703
3.2387170905982474
3.232745998815468
3.2381423566807523
3.2373081241509936
3.2384259365491657
3.2395321226514717
3.2344309621339487
3.242331466086503
3.239399530858598
3.235920489642066
3.2391373936472854
3.241374369340804
3.237755763552558
3.2416331914923133
3.2422152022158177
3.240220306878256
3.23972848852021
3.24086082610634
3.2432156014725653
3.243895421343795
3.2429770377865945
3.2459321495281364
3.246257534816558
3.2408184672600946
3.2411422807879364
3.24550892145056
3.2419579514045265
3.2447055344464912
3.2440071402938373
3.243521168033948
3.244249496463127
3.248377254335157
3.2410140912217678
3.2446154614218434
3.2477020423648084
3.2433478798345092
3.244580496141549
3.2477344049647994
3.2130635423706915
3.2112631155708544
3.210228210549867
3.2110205213608354
3.2089594685327176
3.214762137067527
3.2450658315150256
3.2447966715667977
3.248396017703795
3.2481647009198498
3.245896639351222
3.247412916546682
3.247222911233321
3.2485504325731425
3.2446366587119475
3.246971992897426
3.243430764354262
3.212188421726365
3.211091308848757
3.2112296230002424
3.2121788365066957
3.2140418588564046
3.2174543788266092
3.2471663434808145
3.2494889403859633
3.2463767049861727
3.249955334173469
3.2485642639890253
3.2449758807953177
3.2469316455738504
3.2476849313510456
3.247161176758514
3.251156379720376
3.2488440614141862
3.2485458134454
3.2115313597959174
3.2132710846936
3.215234842049861
3.214274983018882
3.21271766684211
3.215439457921233
3.244089525078277
3.24702964831439
3.248690567138187
3.2502492111680525
3.2510623344074214
3.250991287301672
3.247391867474495
3.2483412206951168
3.2474572959078203
3.2507491024271014
3.2453883130885592
3.211873396998491
3.2127889843983253
3.2119534749506062
3.2145351610203483
3.212222983836861
3.2170622231727215
3.244782917524305
3.250649378684592
3.2490533598894276
3.249100439336749
3.248285381022107
3.2475729320945614
3.2470742791011893
3.246275968836863
3.246554010292601
3.2478252421967744
3.2499330232514585
3.2505228166723934
3.2138227714281284
3.2132319991091105
3.2144976205011107
3.213691510366152
3.2126683566123204
3.2170313990696227
3.2506055745145237
3.248070927587863
3.25037316172972
3.2510045759538033
3.249696127215014
3.250161888595682
3.2475244471697446
3.246731897555065
3.2482539398488828
3.248043773531259
3.246616995105411
3.212930949188086
3.2148617108790654
3.2140812390547224
3.2133206124663065
3.2127234235815463
3.2139415873399124
3.2129995227946786
3.2114033699579467
3.2149589914973986
3.213623426734762
3.1755899473591485
3.2514134235320142
3.2510009849732744
3.2510138014456462
3.2459133040501693
3.2445621419814996
3.24964877862433
3.2489554045531617
3.245008504548114
3.2484633954694107
3.2503468033779863
3.2512207623012186
3.2471291935160527
3.250002622780201
3.2468584762957455
3.2496052526462256
3.248631088511393
3.2484528157739296
3.247952017226764
3.2496045623400613
3.2471141493919444
3.2494568106749067
3.2455095630475332
3.247760789422873
3.2473588330098373
3.2448365108318193
3.2464040624904844
3.242279803755452
3.2486618662184767
3.2463306416125226
3.2483245084848402
3.2476618838532616
3.2460388625636116
3.246374869189167
3.248344842034632
3.2482808707671404
3.249184541667995
3.250694244128365
3.249965543912053
3.2491166735919053
3.24779659823682
3.2481381329062584
3.213262044655066
3.21330424334752
3.2116400697633884
3.21327290712482
3.212990370706947
3.2145771338955
3.2129872367272645
3.215083838965956
3.2128773701158
3.17738385838982
3.216434714600351
3.2172910186263626
3.175965854603714
3.2164231447493647
3.2170040718211816
3.2486981481602872
3.248822337096102
3.2491870302116754
3.24961431253722
3.249721909501864
3.245612112876763
3.248865127763558
3.248874546780558
3.249466987019906
3.248397332673529
3.2497967390454496
3.250000177040118
3.2492920026650047
3.247778371778558
3.2473890391326443
3.250681147295749
3.2526282192839817
3.246730707967244
3.246424620912027
3.2484459675551083
3.251286077907073
3.2488302219088445
3.2493858454514735
3.24838283502146
3.2471578858460335
3.215401254072505
3.2137510320008
3.21459503505223
3.2128029017832085
3.208972608825057
3.2129592989806635
3.211233686275352
3.212013875514238
3.175309740344532
3.247381349429423
3.250075349038625
3.2468627267092143
3.248961342499487
3.250018275944093
3.2510348483261473
3.2452967930654064
3.248467824880818
3.2520376988774347
3.248008841418439
3.2494965736903425
3.249782260420683
3.2494533040382128
3.250427294037609
3.2477161459821677
3.2478646345761324
3.2497553069095724
3.248683436339577
3.2464964533224587
3.24811217221026
3.248490186318869
3.2471448992764804
3.2488351144367305
3.2490594109989566
3.25143283329041
3.24693401828968
3.249190325302161
3.2476183680976036
3.2489448033123156
3.249684399891396
3.2493488840324276
3.2485753605878993
3.2467118276127924
3.2487056346094962
3.2482930617207173
3.2498804990840635
3.2471323789352144
3.2473916289544023
3.2476872960274052
3.2496019277906334
3.2446497750945826
3.2481591584093974
3.2470596618843315
3.2499491536233167
3.2499326410872023
3.249858983292904
3.248753848020155
3.249900231052872
3.2518625925470253
3.249495718236006
3.2130017887682167
3.2149990983071857
3.2129990234424137
3.211085768174563
3.214181300692183
3.21365787235154
3.2126605057467934
3.2125495450239345
3.214328992133433
3.2139740670453514
3.17253673910529
3.1730004750488785
3.1716696756870104
3.1723033118614468
3.1715891271344834
3.1734937363730498
3.174663955117226
3.17093608223024
3.1739786335953704
3.17107290577042
3.1736675288155003
3.1735657576517124
3.1723218689440604
3.1726024446618326
3.1725623722155505
3.1307314950690324
3.2178956072545817
3.21666842536957
3.2121385965941305
3.2168166541306857
3.2476442570468533
3.247085788192374
3.2474158218695948
3.2491469992624546
3.2464882759587823
3.245318392220162
3.2502161559948157
3.243594285558337
3.2486521614716763
3.249550817820275
3.2467152456900648
3.2477363500065466
3.2498740295102078
3.248898904386063
3.248487665605419
3.248204710741739
3.2474618476655928
3.24953647091312
3.2457154471638163
3.2494886173864495
3.2468686680292076
3.2482803984493884
3.248466153780072
3.246126548930186
3.248665895715681
3.248196731217507
3.2482917943346865
3.247444246545724
3.2136971742606244
3.2117051937322825
3.212046529606358
3.214261667382498
3.2091754586075614
3.212806273520942
3.2131519925465164
3.212786273558657
3.2137753674234792
3.2105865176080153
3.1755772821881387
3.2132138448223153
3.217782845340573
3.249009623559103
3.2135181184598327
3.2168684961151484
3.2431982024919974
3.2481966494285603
3.247288463435861
3.2503184927983333
3.2479460810827865
3.2480194099697473
3.2453329659727244
3.247401434778309
3.250092826334995
3.2496164048636293
3.2487185456761214
3.2495054318196055
3.249297605671268
3.2489303617104737
3.248076128876126
3.2501378152372324
3.2450338019459455
3.2469652378899183
3.2501589521776593
3.250161455948652
3.245784171912637
3.2506617751235125
3.2478629471817895
3.2485410848428313
3.2493601427416148
3.2480129230337904
3.249049656323973
3.2458794357317875
3.2500100575245714
3.2473701985147145
3.2446217124535144
3.2465744464936495
3.2509144980880333
3.2478541987659217
3.21109735657578
3.21109998923507
3.2122432263029777
3.2105188202831245
3.2127928235509837
3.2162910608967294
3.244706927208531
3.243603777694373
3.2483941307368727
3.2478222738477105
3.2470817469804616
3.246331475686764
3.246925138411288
3.2438746495482906
3.2467028716666206
3.2087897631257203
3.2100372186376926
3.2103778985313345
3.2127954721289114
3.2080665268328405
3.212497808551238
3.2429595247913596
3.243586503325715
3.2448284111545442
3.2426289492389806
3.240601336753697
3.246789622310662
3.2436997283283886
3.2416422213167024
3.2398480034441572
3.242106999353065
3.2393061461261117
3.2027554222529333
3.20320261333671
3.2045224447552507
3.2046029209398195
3.2053711615513967
3.216120300179307
3.234661053036188
3.2346270205704166
3.2330956745665227
3.2394089431468625
3.238237175231903
3.234039447475487
3.2339067521441853
3.234137391769208
3.235078270098051
3.232700828066143
3.1972695717308524
3.1990138236473498
3.196338062725395
3.194936790686259
3.19642933087486
3.212107574826058
3.2321015658841676
3.228958594137726
3.2275438491996273
3.229598309168618
3.2324580651739603
3.224558231344142
3.230471698508563
3.231017592392832
3.2281497118763043
3.23027809797929
3.22907527973435
3.191292941085858
3.1930161794269387
3.1891117548666847
3.1905975813033187
3.19205306314228
3.217279154088567
3.228933407157692
3.228487536805367
3.2319060802459396
3.230999521600556
3.2308439577747317
3.2367761799246737
3.227388920658856
3.2279577207724883
3.2300161470411637
3.2298483079481985
3.229485350003732
3.2382234426648084
3.195094308462613
3.199646279245322
3.1963262634099503
3.198460637760923
3.20045028967325
3.2143092164211677
3.2330297347149917
3.236628024616599
3.2288896812240515
3.2367051503447786
3.2322925377441334
3.232310250770984
3.238691571706104
3.2398380951495285
3.233949841562254
3.240802325773307
3.235775752931463
3.240082842959232
3.2021878442085487
3.206094890656476
3.202625042903209
3.2029958014644238
3.203716175677821
3.2170009885202995
3.2425604527980654
3.246981532659271
3.247213233029892
3.2426353202635894
3.246503930388998
3.245995771587422
3.242735067855003
3.2458416581368517
3.2416657647471943
3.2440496690668583
3.243961670911554
3.2059401168340775
3.209763597436319
3.2114234003375897
3.2098131216745007
3.2135763127339985
3.216365335967528
3.2490871147325278
3.2466052302717183
3.2475606791717873
3.2498220740592507
3.24356981666996
3.245528094709718
3.245677391476836
3.2476429850405175
3.2462092909463283
3.246643120535004
3.2430516541925294
3.213597919899067
3.211495770458435
3.2148840356303876
3.213022591989407
3.216757303793904
3.246063473343315
3.2507731972963883
3.244606538731129
3.246896395462861
3.2484324988704736
3.247068899500397
3.245028033029491
3.2469461149650787
3.2462869967172865
3.246022023656745
3.2144289141490816
3.212384593911961
3.214458970428361
3.2114645686144345
3.21364035045901
3.2173900380533835
3.2481615781039683
3.249357086841692
3.247002828843686
3.2488831229079693
3.248254903959604
3.251146328518427
3.2505557846380873
3.2493768622269785
3.247865238494189
3.2511787218415122
3.249994302765478
3.248726492744383
3.2134963995549968
3.2144595097028184
3.212826259486211
3.2137677549086465
3.2137776332025663
3.214474868809056
3.2512261780896896
3.245292405387993
3.249918268303652
3.250722315034396
3.2477599242339372
3.2482328942202696
3.249958413146365
3.2520173464497906
3.2492473570212956
3.248532497236973
3.251050010657505
3.2482952348473026
3.2124035363477486
3.2125435208042794
3.213916614382498
3.212871158819348
3.2138903167606
3.2122142949372727
3.2125531779763836
3.21304623671547
3.214084663921035
3.2125651352084783
3.1761455486849246
3.2153794872374766
3.216916322294163
3.2446652915260423
3.2135068569547807
3.2133713511343163
3.216462732002296
3.251130737460352
3.2473296165538104
3.247910519990349
3.2443997194124914
3.249350733044593
3.248511058624713
3.2500981612282613
3.249294775536441
3.2469942539935226
3.2470856817120275
3.250093068017769
3.2462373309615806
3.2489500954818036
3.2461721302762
3.248732448477669
3.248953741325723
3.248217739564911
3.2476811635758502
3.2492615001197054
3.2444082456177257
3.2476668950710166
3.2454111316700063
3.246220323615398
3.2483973319190147
3.2440527375111476
3.249323398705706
3.2494189705734247
3.2490001535080877
3.248862256448153
3.2475347175465976
3.2461480176979234
3.2479308237608384
3.2123129187509063
3.2136447985481116
3.2114625874926275
3.2127292637633107
3.1726906250950644
3.1728644813791775
3.1721759831659555
3.1726183789580156
3.171890158651138
3.1707062882241104
3.1717737679196016
3.1732703080652827
3.169759900400438
3.1707254355412005
3.172910205888785
3.1336472423164974
3.2169342438333612
3.215932680290562
3.2527915847100677
3.24810367100524
3.2482317427626946
3.248278288775431
3.2485934160731853
3.2496236084232857
3.2459723977114114
3.2143868664190562
3.2148561906682716
3.213980883639662
3.212656551227178
3.2141661942323854
3.21335900147385
3.215756061880894
3.175077590134441
3.2493246724435836
3.2474914052765564
3.247648379866312
3.244215030827174
3.247962892313216
3.246494631013419
3.248842009875309
3.25107541224156
3.2495655344750904
3.250372600867132
3.245920673136259
3.2470696653558497
3.2498171797631232
3.2484644285242097
3.248310007062952
3.248521757937086
3.245035428712906
3.248161378809844
3.2460758200509883
3.2453043910013926
3.2473163659009483
3.2482886749213553
3.249007281258222
3.249817600178345
3.2461505321282376
3.248765889819227
3.2474687337061376
3.2488022665989313
3.2467505726190535
3.250384195264097
3.249055357372413
3.2497876798953564
3.246102750632013
3.2498313717351497
3.2498221987669584
3.2121758952760673
3.210710688912499
3.212053015758637
3.212868014596805
3.210975951498346
3.2135343497729174
3.212731986151928
3.2118160225829495
3.211489172417944
3.215863071979891
3.175800431507926
3.215541928655881
3.216428314488791
3.176064906359458
3.2163926928641557
3.217932246144392
3.2485939605791945
3.2485833248543914
3.247236344283733
3.2457904313851778
3.2488119986690696
3.246817952739474
3.250074564312798
3.2494774144643506
3.247978722560359
3.250069741930931
3.2455156558431475
3.2440781439595465
3.2474185732745746
3.250707200135211
3.249599357011483
3.245062135257664
3.2490850903511364
3.2479437543546648
3.247479587106486
3.2506210659482235
3.214226094471717
3.212152260068001
3.2151478880672504
3.215472275657032
3.250088482648951
3.247877709679273
3.249814221584997
3.251142761651185
3.2478052510402993
3.25061843400589
3.2514840975373747
3.2494264859608544
3.249164968485827
3.250553985214472
3.2486540018551127
3.2523602953589106
3.2481131755321857
3.248682125562317
3.2489164970947098
3.248061945356923
3.209337624897438
3.2127473336426777
3.211815570986741
3.2116007894233523
3.211705604149059
3.21144671607041
3.213241437928649
3.212998853779083
3.2122744218398083
3.2124501748800136
3.215328817213576
3.175637724709902
3.2480875060907306
3.248855723919335
3.2475836863136727
3.2517108248765156
3.2503022864130373
3.2506496813819843
3.2457993854097658
3.248714026216993
3.2474776279057505
3.2473438087963635
3.247006853150724
3.250082052782603
3.248880205450611
3.248593136320028
3.2507616018196193
3.2502546275643454
3.2492434454643306
3.2458083502463615
3.2481336247960773
3.2475913852097613
3.2467723273172067
3.249604775215373
3.245438005442207
3.2480322042113836
3.2493776466973627
3.247074486785091
3.250227864838981
3.247645999730286
3.2455720992461656
3.2452423617460293
3.2454996880539673
3.246816832788731
3.2517070090395728
3.2492578137811035
3.211360987106044
3.213472542468038
3.2120432266242878
3.2134951720634013
3.213360988399369
3.217083220117386
3.2508903291744167
3.2497728544752906
3.2468459376450056
3.249640642020281
3.2482290757065284
3.246897680011128
3.2453758010637537
3.2471434499427443
3.2487352322434537
3.245042619011705
3.24982386945737
3.2510073933228782
3.2142539613708627
3.209966129408645
3.210301551583004
3.213077164507834
3.209374440469376
3.2167183861951405
3.248038832330881
3.2493521245121406
3.248390455552497
3.2478990481935597
3.2469634200024093
3.245627249976359
3.2483949781228363
3.2457041061049816
3.2467801221356223
3.2488476479187822
3.249388886224657
3.2503710188266406
3.2147812703354885
3.2104417156427103
3.2106950906800056
3.211061944198694
3.212646924131368
3.214929708880819
3.2485756317031735
3.247307115441197
3.2454898966262755
3.243482031048587
3.248068703836239
3.2433646884098435
3.2481339768494095
3.246464988426423
3.247184166417551
3.24608080634927
3.245747024536887
3.211508075439958
3.2069836579704427
3.207831705427446
3.207357524383218
3.2128381943325626
3.216307487559372
3.2432319804961245
3.2436967543958692
3.245085093449627
3.2454551054889116
3.2457229965662986
3.2457747562781045
3.2455160744010496
3.243019611483204
3.2410456383553035
3.244732624244467
3.208259927196131
3.208128886676022
3.2048076552621234
3.207253487387295
3.208848383532923
3.214264374502174
3.2461340118919577
3.2417789544818905
3.2449712251857386
3.2429216498026237
3.242274310123563
3.240581572739744
3.2398867925199544
3.2431254772347216
3.2414740243745146
3.234794571903612
3.240242465865605
3.2050605153544853
3.205394246427366
3.204852137492112
3.1970350436514337
3.204655790946241
3.217545617329305
3.236525821790916
3.232251103860052
3.2339757119691455
3.2312357225913466
3.2339465970649393
3.2326082437864625
3.2313221117080544
3.2283263512537
3.235455109591329
3.233234304046675
3.230485787798442
3.1936764456415316
3.1927696855389236
3.189746067283945
3.1950631060129355
3.196644413911406
3.2160796612370395
3.2269440302725783
3.2237426528171698
3.225930405636866
3.2270498764183118
3.223781288553756
3.222997943616051
3.2256211937605674
3.2201678449381066
3.226380673554302
3.225183445826797
3.2193921145547266
3.2159805494330667
3.188984227451264
3.1867487167909587
3.1857445622683307
3.1829577502982724
3.1823562046011995
3.2153260642799193
3.217392974954955
3.2132795562344936
3.212385474685378
3.216229584228396
3.2140985739268357
3.2133359500890912
3.2120065700724423
3.209107282836742
3.211280525612876
3.2111583992994652
3.2067039276247224
3.208768033127775
3.1774437743431228
3.2077853657753215
3.2146310656178425
3.1751014399175217
3.2165728271110856
3.1759027140651472
3.2172769051947325
3.2159028759919974
3.2158138824330185
3.2158185700782553
3.175988986656917
3.2171503280604865
3.2152199345393013
3.2185529267179582
3.2204307477360326
3.217424251722674
3.225793368832133
3.222742223216408
3.223856108198341
3.190640732680753
3.217102039597068
3.221633009318783
3.2228556371907073
3.2242043226923824
3.2255506080849097
3.2241640403137533
3.224163524054373
3.227463289323412
3.221767376514675
3.230481378815222
3.2285833922975513
3.2287931357434703
3.2283915042698035
3.2280767180100796
3.2310175860253447
3.228360396542013
3.231023310377483
3.2408312560369312
3.234658810297296
3.2317311865577145
3.2334897899697266
3.2363560547372
3.2367596324578574
3.232837171908212
3.233489375679116
3.238214112791319
3.235662349582927
3.2329184258950416
3.2312005631010674
3.235361127605102
3.235710016067724
3.2351304853838734
3.2391979475090253
3.2405466950292525
3.2401384934193835
3.2398963516735653
3.240136332830791
3.2412217749521335
3.242617327139041
3.240250168911935
3.2423466236223413
3.242632367144984
3.245806658809218
3.242338451162618
3.2402441101729966
3.242148187667682
3.245931326479748
3.2433313817602674
3.243959947943349
3.241778966609291
3.2447450919100507
3.24466887418418
3.24251001137554
3.241747257769206
3.246507130936364
3.2423643583530364
3.238253862881953
3.243347130086787
3.245189259568601
3.2448104402421603
3.245709621979924
3.246657578002804
3.245627847844773
3.2471357779911942
3.2454721698290063
3.242240181365646
3.242932710969112
3.24619258047103
3.242881685512665
3.2471501331644768
3.247501109371976
3.2437576292429227
3.247037739322768
3.2456807616575087
3.2472337568275
3.245909074182917
3.2456636063188395
3.2458701434099044
3.2484215485707595
3.2426967407591905
3.2450339738745755
3.2459033403944124
3.244089129151876
3.247613702256188
3.246509733016029
3.241491265325697
3.2448349172999826
3.250047451553915
3.21120962657164
3.2112336357123437
3.2139098916090094
3.2086329923928876
3.212357170391589
3.2176133299877594
3.2467756739675813
3.246469805745018
3.2486252760589776
3.2434143873259527
3.2475109868351213
3.2485785736036226
3.246499476200443
3.247544279478461
3.2505985066279517
3.2476784722209255
3.2476020993721892
3.2477020259817855
3.2127432390558908
3.213375357784696
3.212831146317982
3.21216236722148
3.2131908207767865
3.2171288277801535
3.247739394797944
3.2474516286321933
3.2492439581471406
3.246134039892694
3.249038134894607
3.2468468190224025
3.24527906095565
3.2439153671902523
3.2501648881869842
3.247287025051296
3.249821797621333
3.211028276211263
3.2126041667864347
3.2106420123025785
3.2129789265022444
3.213055682213085
3.216193667606584
3.2456945928906262
3.2501809016147467
3.2480897334721184
3.249397112601245
3.247666014231775
3.246906488510931
3.2468565858579126
3.2509421090942583
3.2496584801926667
3.248722399454903
3.2512983182404755
3.2129281034750643
3.211361055961349
3.213295770797625
3.211892857720185
3.212982177955218
3.2168875472879903
3.2501841075357705
3.2487900618464143
3.250895079652407
3.2472634673237906
3.2484468027893127
3.2500014763769047
3.2496582062766
3.2485443597271666
3.2487654278025575
3.2487150573836003
3.248229664731113
3.2098632457236147
3.2148420891168574
3.2102295850648632
3.213057494391265
3.215516792725848
3.2132300825014295
