Experiment Name	Epoch	EpRet	TestEpRet	EpLen	TestEpLen	TotalEnvInteracts	Q1Vals	Q2Vals	LogPi	LossPi	LossQ	std	Time
en_ran_init_ant_1f_a2_200_25_400_eg_r1_a0_eps_005_0	1	78.48	81.2	78.48	81.2	9999	24.322544	24.32267	503.11377	-25.223743	14.291414	0.793285	173.81948971748352
en_ran_init_ant_1f_a2_200_25_400_eg_r1_a0_eps_005_0	2	79.480316	29.6	79.480316	29.6	19999	150.03557	150.03581	233.0031	-154.47473	352.65106	0.10137462	367.14820170402527
en_ran_init_ant_1f_a2_200_25_400_eg_r1_a0_eps_005_0	3	79.928	128.0	79.928	128.0	29999	312.1481	312.14548	118.73777	-316.70956	1399.7241	0.0057690935	600.2070124149323
en_ran_init_ant_1f_a2_200_25_400_eg_r1_a0_eps_005_0	4	144.18571	156.6	144.18571	156.6	39999	340.79144	340.789	86.74974	-344.00366	1351.9799	0.0025195458	838.8388595581055
en_ran_init_ant_1f_a2_200_25_400_eg_r1_a0_eps_005_0	5	171.58621	188.0	171.58621	188.0	49999	311.3144	311.31308	85.76605	-313.90677	866.7607	0.0014609615	1081.0919218063354
en_ran_init_ant_1f_a2_200_25_400_eg_r1_a0_eps_005_0	6	164.45	267.2	164.45	267.2	59999	248.04599	248.04822	96.316055	-249.89677	425.199	0.00072732364	1326.7398176193237
en_ran_init_ant_1f_a2_200_25_400_eg_r1_a0_eps_005_0	7	158.5625	188.0	158.5625	188.0	69999	180.74734	180.74965	118.74619	-181.92778	216.45688	0.00024207769	1572.5257897377014
en_ran_init_ant_1f_a2_200_25_400_eg_r1_a0_eps_005_0	8	163.85246	166.2	163.85246	166.2	79999	135.54396	135.54716	125.96259	-136.32452	175.36826	0.00016980003	1818.0569162368774
en_ran_init_ant_1f_a2_200_25_400_eg_r1_a0_eps_005_0	9	141.42253	139.2	141.42253	139.2	89999	131.703	131.7067	119.02398	-132.4805	220.68665	0.00021432877	2063.71058344841
en_ran_init_ant_1f_a2_200_25_400_eg_r1_a0_eps_005_0	10	114.76744	110.4	114.76744	110.4	99999	148.41962	148.42337	112.28283	-149.40573	299.88724	0.00023318229	2308.5271692276
en_ran_init_ant_1f_a2_200_25_400_eg_r1_a0_eps_005_0	11	122.82927	46.2	122.82927	46.2	109999	176.44165	176.4461	116.16174	-177.81032	542.8619	0.00017341216	2552.0244140625
en_ran_init_ant_1f_a2_200_25_400_eg_r1_a0_eps_005_0	12	141.12857	126.6	141.12857	126.6	119999	206.41336	206.4151	112.333435	-207.97102	835.48364	0.0002834897	2797.231637239456
en_ran_init_ant_1f_a2_200_25_400_eg_r1_a0_eps_005_0	13	132.57895	300.6	132.57895	300.6	129999	239.67091	239.6668	119.53099	-241.63725	1269.1099	0.00018527012	3046.545255422592
en_ran_init_ant_1f_a2_200_25_400_eg_r1_a0_eps_005_0	14	152.69698	100.8	152.69698	100.8	139999	280.36267	280.35635	131.4168	-282.56656	1902.8202	0.00013096638	3297.23513174057
en_ran_init_ant_1f_a2_200_25_400_eg_r1_a0_eps_005_0	15	175.58928	221.6	175.58928	221.6	149999	322.1867	322.18524	136.20265	-324.68124	2429.7363	0.00017616307	3554.8404200077057
en_ran_init_ant_1f_a2_200_25_400_eg_r1_a0_eps_005_0	16	194.67308	128.4	194.67308	128.4	159999	371.99448	371.9909	148.0113	-374.8634	3094.1995	9.111191e-05	3809.3461031913757
en_ran_init_ant_1f_a2_200_25_400_eg_r1_a0_eps_005_0	17	244.07317	200.0	244.07317	200.0	169999	431.31876	431.31766	154.44371	-434.617	4047.4604	4.8092857e-05	4067.296170949936
en_ran_init_ant_1f_a2_200_25_400_eg_r1_a0_eps_005_0	18	188.73586	304.6	188.73586	304.6	179999	481.35114	481.35138	154.93057	-484.9779	5349.925	0.000114165654	4330.131072759628
en_ran_init_ant_1f_a2_200_25_400_eg_r1_a0_eps_005_0	19	184.88889	470.4	184.88889	470.4	189999	526.8404	526.83386	154.17924	-530.91675	6411.0386	0.00015134674	4593.831248044968
en_ran_init_ant_1f_a2_200_25_400_eg_r1_a0_eps_005_0	20	291.64706	384.8	291.64706	384.8	199999	577.3226	577.32153	157.50691	-581.8907	7120.5527	8.045544e-05	4853.534905433655
en_ran_init_ant_1f_a2_200_25_400_eg_r1_a0_eps_005_0	21	394.58334	214.2	394.58334	214.2	209999	644.15564	644.15454	157.00189	-649.5751	7762.035	4.5037654e-05	5101.909535646439
en_ran_init_ant_1f_a2_200_25_400_eg_r1_a0_eps_005_0	22	379.45834	373.2	379.45834	373.2	219999	715.23553	715.23157	161.1881	-721.2441	8139.3535	0.0001120605	5353.341223955154
en_ran_init_ant_1f_a2_200_25_400_eg_r1_a0_eps_005_0	23	429.12	550.8	429.12	550.8	229999	780.797	780.7937	162.63333	-787.0262	8805.77	0.00014219197	5612.0812265872955
en_ran_init_ant_1f_a2_200_25_400_eg_r1_a0_eps_005_0	24	395.53845	378.8	395.53845	378.8	239999	868.29114	868.2913	162.50531	-875.6468	9908.228	0.00010321398	5866.997631788254
en_ran_init_ant_1f_a2_200_25_400_eg_r1_a0_eps_005_0	25	527.7	336.0	527.7	336.0	249999	963.1719	963.16516	165.37242	-971.2401	11380.378	5.6872763e-05	6123.056594133377
en_ran_init_ant_1f_a2_200_25_400_eg_r1_a0_eps_005_0	26	946.4	703.8	946.4	703.8	259999	1057.7347	1057.7266	163.58351	-1066.1532	11981.464	3.9237057e-05	6392.100492238998
en_ran_init_ant_1f_a2_200_25_400_eg_r1_a0_eps_005_0	27	571.05554	400.6	571.05554	400.6	269999	1142.0481	1142.0443	164.80331	-1151.0494	12266.56	3.289592e-05	6652.213770151138
en_ran_init_ant_1f_a2_200_25_400_eg_r1_a0_eps_005_0	28	972.6	835.0	972.6	835.0	279999	1209.698	1209.6896	164.32355	-1218.453	12514.007	0.00015404844	6920.733137369156
en_ran_init_ant_1f_a2_200_25_400_eg_r1_a0_eps_005_0	29	471.42856	484.6	471.42856	484.6	289999	1263.1342	1263.1305	164.13582	-1271.9714	12912.776	0.00036097816	7182.113852262497
en_ran_init_ant_1f_a2_200_25_400_eg_r1_a0_eps_005_0	30	756.9167	1024.0	756.9167	1024.0	299999	1300.2719	1300.2694	164.58528	-1308.8593	13260.554	8.211417e-05	7452.218293190002
en_ran_init_ant_1f_a2_200_25_400_eg_r1_a0_eps_005_0	31	819.8571	942.0	819.8571	942.0	309999	1348.6146	1348.6138	165.7485	-1357.5415	13042.083	0.0001277927	7719.242178678513
en_ran_init_ant_1f_a2_200_25_400_eg_r1_a0_eps_005_0	32	719.1429	1557.0	719.1429	1557.0	319999	1409.2894	1409.2804	166.44617	-1418.423	13411.968	0.00013951822	7998.642014741898
en_ran_init_ant_1f_a2_200_25_400_eg_r1_a0_eps_005_0	33	1040.2858	883.8	1040.2858	883.8	329999	1480.1213	1480.127	166.63036	-1489.5696	13600.328	6.3314554e-05	8264.18636918068
en_ran_init_ant_1f_a2_200_25_400_eg_r1_a0_eps_005_0	34	1226.75	961.6	1226.75	961.6	339999	1539.2843	1539.2786	167.7178	-1548.5288	13517.033	2.3977884e-05	8531.123002529144
en_ran_init_ant_1f_a2_200_25_400_eg_r1_a0_eps_005_0	35	1178.6	1549.2	1178.6	1549.2	349999	1586.1875	1586.1871	168.73097	-1595.4812	13909.471	4.0513136e-05	8808.136426448822
en_ran_init_ant_1f_a2_200_25_400_eg_r1_a0_eps_005_0	36	1050.9	1915.2	1050.9	1915.2	359999	1634.3861	1634.3855	169.25948	-1643.5126	14283.907	8.262541e-05	9094.725821018219
en_ran_init_ant_1f_a2_200_25_400_eg_r1_a0_eps_005_0	37	1096.5	1901.8	1096.5	1901.8	369999	1691.0653	1691.0679	169.70113	-1700.2816	14316.386	6.399566e-05	9381.307191371918
en_ran_init_ant_1f_a2_200_25_400_eg_r1_a0_eps_005_0	38	1142.7	1879.0	1142.7	1879.0	379999	1742.3833	1742.3811	171.4544	-1751.36	14099.197	1.8079036e-05	9667.331597805023
en_ran_init_ant_1f_a2_200_25_400_eg_r1_a0_eps_005_0	39	2002.4	435.4	2002.4	435.4	389999	1792.2343	1792.2428	173.18013	-1801.291	13883.456	9.585607e-06	9921.28405547142
en_ran_init_ant_1f_a2_200_25_400_eg_r1_a0_eps_005_0	40	1510.3334	3545.6	1510.3334	3545.6	399999	1847.9176	1847.9193	175.22627	-1857.0648	14134.448	3.5668634e-06	10240.250172138214
en_ran_init_ant_1f_a2_200_25_400_eg_r1_a0_eps_005_0	41	1892.3334	1651.6	1892.3334	1651.6	409999	1911.4067	1911.4093	176.31642	-1920.6187	13872.581	1.626624e-05	10521.481808423996
en_ran_init_ant_1f_a2_200_25_400_eg_r1_a0_eps_005_0	42	2300.75	1045.0	2300.75	1045.0	419999	1956.2108	1956.2046	177.2043	-1965.177	13940.662	3.936994e-05	10788.49035000801
en_ran_init_ant_1f_a2_200_25_400_eg_r1_a0_eps_005_0	43	1136.125	1592.2	1136.125	1592.2	429999	1973.3229	1973.317	177.52687	-1981.6252	13282.396	6.713987e-06	11066.791663885117
en_ran_init_ant_1f_a2_200_25_400_eg_r1_a0_eps_005_0	44	1205.5555	1539.2	1205.5555	1539.2	439999	1985.9465	1985.9451	178.53963	-1994.385	12797.206	2.1545472e-06	11340.927688121796
en_ran_init_ant_1f_a2_200_25_400_eg_r1_a0_eps_005_0	45	2647.3333	1237.4	2647.3333	1237.4	449999	2004.0979	2004.0947	179.30263	-2012.251	12741.228	4.429844e-06	11613.06904911995
en_ran_init_ant_1f_a2_200_25_400_eg_r1_a0_eps_005_0	46	1596.75	1895.4	1596.75	1895.4	459999	2003.364	2003.3566	178.65187	-2011.5614	12510.398	1.303255e-05	11897.743161678314
en_ran_init_ant_1f_a2_200_25_400_eg_r1_a0_eps_005_0	47	910.0909	2570.8	910.0909	2570.8	469999	1996.3326	1996.3247	177.17195	-2004.1212	12210.04	3.546917e-05	12196.820459604263
en_ran_init_ant_1f_a2_200_25_400_eg_r1_a0_eps_005_0	48	1386.5714	2134.0	1386.5714	2134.0	479999	1986.5615	1986.5481	176.55103	-1994.0928	12376.662	1.8420493e-05	12486.225972890854
en_ran_init_ant_1f_a2_200_25_400_eg_r1_a0_eps_005_0	49	979.6	638.4	979.6	638.4	489999	1974.2891	1974.2853	177.40152	-1981.3506	11723.776	1.2571688e-05	12742.744245529175
en_ran_init_ant_1f_a2_200_25_400_eg_r1_a0_eps_005_0	50	1852.2	1342.4	1852.2	1342.4	499999	1950.4768	1950.4741	178.8307	-1957.38	10875.49	4.0831665e-06	13015.183425426483
en_ran_init_ant_1f_a2_200_25_400_eg_r1_a0_eps_005_0	51	1734.1666	1258.4	1734.1666	1258.4	509999	1924.2725	1924.2654	178.8393	-1930.5529	10168.123	5.9730323e-06	13286.887246370316
en_ran_init_ant_1f_a2_200_25_400_eg_r1_a0_eps_005_0	52	1169.6666	2149.2	1169.6666	2149.2	519999	1897.2856	1897.2778	177.8672	-1903.4012	9933.589	2.9902674e-06	13576.200837612152
en_ran_init_ant_1f_a2_200_25_400_eg_r1_a0_eps_005_0	53	3402.0	1028.2	3402.0	1028.2	529999	1875.0239	1875.022	174.43452	-1880.8785	9552.532	1.4107676e-05	13843.579463481903
en_ran_init_ant_1f_a2_200_25_400_eg_r1_a0_eps_005_0	54	2578.8	505.6	2578.8	505.6	539999	1858.3699	1858.3701	174.52177	-1864.0814	9048.418	6.280156e-05	14099.26654458046
en_ran_init_ant_1f_a2_200_25_400_eg_r1_a0_eps_005_0	55	1478.5	2349.2	1478.5	2349.2	549999	1848.4552	1848.4541	172.71541	-1854.1234	8841.989	2.9652145e-05	14392.19931602478
en_ran_init_ant_1f_a2_200_25_400_eg_r1_a0_eps_005_0	56	3477.3333	2427.6	3477.3333	2427.6	559999	1833.7402	1833.7327	174.4392	-1839.0172	8191.8633	2.1136484e-05	14686.383301019669
en_ran_init_ant_1f_a2_200_25_400_eg_r1_a0_eps_005_0	57	3124.6667	2937.6	3124.6667	2937.6	569999	1811.3833	1811.3824	174.10455	-1816.3544	7827.5415	1.4489754e-05	14990.721537351608
en_ran_init_ant_1f_a2_200_25_400_eg_r1_a0_eps_005_0	58	1778.0	1998.0	1778.0	1998.0	579999	1793.6919	1793.6876	174.65456	-1798.6238	7408.3174	1.561884e-05	15275.384345293045
en_ran_init_ant_1f_a2_200_25_400_eg_r1_a0_eps_005_0	59	2030.5	1925.6	2030.5	1925.6	589999	1775.8418	1775.841	175.11476	-1780.4474	7038.535	4.7822326e-05	15561.09902048111
en_ran_init_ant_1f_a2_200_25_400_eg_r1_a0_eps_005_0	60	1741.5714	790.2	1741.5714	790.2	599999	1759.0365	1759.0363	176.83919	-1763.4467	6563.4663	7.4684417e-06	15823.6359872818
en_ran_init_ant_1f_a2_200_25_400_eg_r1_a0_eps_005_0	61	3638.0	1074.2	3638.0	1074.2	609999	1733.7051	1733.7013	176.04454	-1737.9386	6240.448	1.4185758e-05	16090.359684467316
en_ran_init_ant_1f_a2_200_25_400_eg_r1_a0_eps_005_0	62	2065.4	1748.6	2065.4	1748.6	619999	1705.3721	1705.3655	176.46707	-1709.2578	5751.647	6.34062e-05	16369.377606868744
en_ran_init_ant_1f_a2_200_25_400_eg_r1_a0_eps_005_0	63	1400.1111	2703.2	1400.1111	2703.2	629999	1670.521	1670.5153	177.0839	-1674.183	5477.9507	6.930332e-06	16667.614277601242
en_ran_init_ant_1f_a2_200_25_400_eg_r1_a0_eps_005_0	64	1969.8	1944.6	1969.8	1944.6	639999	1643.1377	1643.1394	178.37123	-1646.7437	5370.4614	1.4038904e-05	16952.349446058273
en_ran_init_ant_1f_a2_200_25_400_eg_r1_a0_eps_005_0	65	813.5	689.2	813.5	689.2	649999	1618.9009	1618.8944	180.11827	-1622.4087	5137.6704	1.9297899e-05	17210.055842876434
en_ran_init_ant_1f_a2_200_25_400_eg_r1_a0_eps_005_0	66	2608.0	2847.0	2608.0	2847.0	659999	1594.2693	1594.2712	180.1663	-1597.6426	4917.988	1.697511e-05	17511.781413793564
en_ran_init_ant_1f_a2_200_25_400_eg_r1_a0_eps_005_0	67	1231.6666	2365.0	1231.6666	2365.0	669999	1580.7194	1580.7183	182.07213	-1583.8558	4723.785	5.3450563e-06	17800.52693581581
en_ran_init_ant_1f_a2_200_25_400_eg_r1_a0_eps_005_0	68	1174.6666	3613.4	1174.6666	3613.4	679999	1562.1727	1562.1692	182.00838	-1565.3575	4637.128	3.0966394e-06	18118.386029720306
en_ran_init_ant_1f_a2_200_25_400_eg_r1_a0_eps_005_0	69	2326.25	1982.0	2326.25	1982.0	689999	1549.1852	1549.1859	182.79749	-1552.1782	4530.1313	1.6517318e-06	18403.346745967865
en_ran_init_ant_1f_a2_200_25_400_eg_r1_a0_eps_005_0	70	2751.0	3339.2	2751.0	3339.2	699999	1532.0916	1532.0886	182.12067	-1534.9346	4360.0024	6.2761734e-05	18711.966836452484
en_ran_init_ant_1f_a2_200_25_400_eg_r1_a0_eps_005_0	71	1417.0	2214.6	1417.0	2214.6	709999	1516.7964	1516.7885	181.92877	-1519.5099	4287.5513	1.2004206e-05	19002.71946644783
en_ran_init_ant_1f_a2_200_25_400_eg_r1_a0_eps_005_0	72	1147.2	601.2	1147.2	601.2	719999	1503.9105	1503.9078	182.09819	-1506.6672	4083.2964	2.3884627e-06	19257.69094324112
en_ran_init_ant_1f_a2_200_25_400_eg_r1_a0_eps_005_0	73	2469.6	1558.8	2469.6	1558.8	729999	1497.3187	1497.318	182.92647	-1500.1263	4152.187	5.1903767e-06	19531.192900657654
en_ran_init_ant_1f_a2_200_25_400_eg_r1_a0_eps_005_0	74	3039.75	2481.4	3039.75	2481.4	739999	1489.9954	1489.9901	182.85188	-1492.6884	4067.4272	3.0765134e-06	19825.387089014053
en_ran_init_ant_1f_a2_200_25_400_eg_r1_a0_eps_005_0	75	1609.5	907.6	1609.5	907.6	749999	1478.5317	1478.528	183.95946	-1480.9493	3978.1145	9.1166703e-07	20085.164921045303
en_ran_init_ant_1f_a2_200_25_400_eg_r1_a0_eps_005_0	76	2962.0	1526.2	2962.0	1526.2	759999	1472.5425	1472.5369	183.44109	-1474.9926	3855.3157	1.3014475e-06	20357.14958047867
en_ran_init_ant_1f_a2_200_25_400_eg_r1_a0_eps_005_0	77	1808.0	1279.6	1808.0	1279.6	769999	1455.2429	1455.2417	183.74112	-1457.5825	3815.816	1.2741908e-06	20625.198746204376
en_ran_init_ant_1f_a2_200_25_400_eg_r1_a0_eps_005_0	78	1351.625	2127.4	1351.625	2127.4	779999	1442.0668	1442.0641	184.56363	-1444.4473	3760.5437	1.5533736e-06	20909.0961894989
en_ran_init_ant_1f_a2_200_25_400_eg_r1_a0_eps_005_0	79	1882.4	1724.4	1882.4	1724.4	789999	1427.0594	1427.0558	184.35106	-1429.3204	3636.5369	3.8592875e-06	21182.74375152588
en_ran_init_ant_1f_a2_200_25_400_eg_r1_a0_eps_005_0	80	4286.5	4324.8	4286.5	4324.8	799999	1423.7078	1423.7024	184.96016	-1426.1494	3656.3132	1.8137084e-06	21512.23298215866
en_ran_init_ant_1f_a2_200_25_400_eg_r1_a0_eps_005_0	81	3783.5	1255.4	3783.5	1255.4	809999	1420.188	1420.1829	183.86311	-1422.4316	3577.716	8.348064e-06	21778.62461900711
en_ran_init_ant_1f_a2_200_25_400_eg_r1_a0_eps_005_0	82	4658.3335	4691.4	4658.3335	4691.4	819999	1408.6694	1408.6632	183.63629	-1410.7898	3467.274	9.203119e-06	22113.27876496315
en_ran_init_ant_1f_a2_200_25_400_eg_r1_a0_eps_005_0	83	1308.5714	1862.2	1308.5714	1862.2	829999	1397.0625	1397.0637	182.86922	-1398.9338	3296.9673	1.2844171e-05	22393.7690012455
en_ran_init_ant_1f_a2_200_25_400_eg_r1_a0_eps_005_0	84	3730.6667	2434.4	3730.6667	2434.4	839999	1389.0005	1388.9994	182.49042	-1391.1559	3320.8557	8.889409e-05	22684.820105552673
en_ran_init_ant_1f_a2_200_25_400_eg_r1_a0_eps_005_0	85	2885.3333	3708.2	2885.3333	3708.2	849999	1384.7963	1384.7888	183.20374	-1386.8938	3227.39	1.4044979e-05	23000.60395860672
en_ran_init_ant_1f_a2_200_25_400_eg_r1_a0_eps_005_0	86	2455.75	3923.0	2455.75	3923.0	859999	1387.6355	1387.6335	184.29645	-1389.6035	3206.6448	1.0975871e-05	23320.889583349228
en_ran_init_ant_1f_a2_200_25_400_eg_r1_a0_eps_005_0	87	3248.6667	1507.4	3248.6667	1507.4	869999	1382.8535	1382.8522	184.80794	-1384.9584	3128.2634	5.435608e-06	23593.666184663773
en_ran_init_ant_1f_a2_200_25_400_eg_r1_a0_eps_005_0	88	2232.0	2436.4	2232.0	2436.4	879999	1377.163	1377.1599	183.20691	-1378.9152	3152.3047	8.187012e-06	23885.277645349503
en_ran_init_ant_1f_a2_200_25_400_eg_r1_a0_eps_005_0	89	5000.0	4954.6	5000.0	4954.6	889999	1367.9651	1367.9609	184.30173	-1369.857	2973.9329	3.5033918e-06	24226.086081266403
en_ran_init_ant_1f_a2_200_25_400_eg_r1_a0_eps_005_0	90	3500.0	3460.6	3500.0	3460.6	899999	1364.3668	1364.3679	184.56894	-1366.1877	2978.09	1.9413421e-06	24537.812538146973
en_ran_init_ant_1f_a2_200_25_400_eg_r1_a0_eps_005_0	91	3710.5	2517.4	3710.5	2517.4	909999	1363.4694	1363.467	185.70462	-1365.2465	2892.568	1.4782537e-06	24830.42874598503
en_ran_init_ant_1f_a2_200_25_400_eg_r1_a0_eps_005_0	92	4287.5	2518.2	4287.5	2518.2	919999	1354.5005	1354.5009	186.24182	-1356.2588	2855.8303	2.468811e-06	25123.14493560791
en_ran_init_ant_1f_a2_200_25_400_eg_r1_a0_eps_005_0	93	2083.6	2419.0	2083.6	2419.0	929999	1344.7433	1344.7433	185.69696	-1346.3809	2817.548	2.5718273e-06	25411.456601142883
en_ran_init_ant_1f_a2_200_25_400_eg_r1_a0_eps_005_0	94	2306.3333	2365.0	2306.3333	2365.0	939999	1334.7521	1334.7539	185.5194	-1336.3254	2657.2717	3.0532524e-06	25696.422513484955
en_ran_init_ant_1f_a2_200_25_400_eg_r1_a0_eps_005_0	95	3204.6667	3513.6	3204.6667	3513.6	949999	1322.3477	1322.3461	185.2022	-1323.8685	2588.1658	8.327284e-07	26007.13328886032
en_ran_init_ant_1f_a2_200_25_400_eg_r1_a0_eps_005_0	96	2163.25	3591.4	2163.25	3591.4	959999	1314.396	1314.3976	185.94737	-1315.9696	2600.5522	6.503678e-07	26319.557136058807
en_ran_init_ant_1f_a2_200_25_400_eg_r1_a0_eps_005_0	97	3058.0	4815.2	3058.0	4815.2	969999	1309.1866	1309.185	186.68748	-1310.5585	2494.3452	3.957948e-07	26657.013159751892
en_ran_init_ant_1f_a2_200_25_400_eg_r1_a0_eps_005_0	98	2250.2	3788.8	2250.2	3788.8	979999	1304.2842	1304.2858	186.78438	-1305.773	2409.3125	1.4672219e-07	26972.6352891922
en_ran_init_ant_1f_a2_200_25_400_eg_r1_a0_eps_005_0	99	3111.6667	4353.2	3111.6667	4353.2	989999	1299.6257	1299.6232	186.67397	-1300.9816	2414.9658	3.1305552e-07	27296.82291173935
en_ran_init_ant_1f_a2_200_25_400_eg_r1_a0_eps_005_0	100	3212.3333	4592.2	3212.3333	4592.2	999999	1289.0895	1289.0874	186.57483	-1290.3926	2230.5476	3.375415e-07	27625.994038581848
en_ran_init_ant_1f_a2_200_25_400_eg_r1_a0_eps_005_0	101	5000.0	4519.6	5000.0	4519.6	1009999	1281.7906	1281.7961	188.14487	-1283.0634	2191.7124	4.473799e-07	27959.68962621689
en_ran_init_ant_1f_a2_200_25_400_eg_r1_a0_eps_005_0	102	2191.0	2723.4	2191.0	2723.4	1019999	1280.4607	1280.4615	186.7264	-1281.63	2092.974	1.665172e-06	28256.251979589462
en_ran_init_ant_1f_a2_200_25_400_eg_r1_a0_eps_005_0	103	3338.0	2021.2	3338.0	2021.2	1029999	1284.0618	1284.0569	185.84981	-1285.0201	2125.509	4.3704677e-07	28539.778268814087
en_ran_init_ant_1f_a2_200_25_400_eg_r1_a0_eps_005_0	104	3339.5	3400.8	3339.5	3400.8	1039999	1289.4908	1289.4929	185.27873	-1290.4879	2061.663	3.632792e-07	28849.610363960266
en_ran_init_ant_1f_a2_200_25_400_eg_r1_a0_eps_005_0	105	3803.0	1335.6	3803.0	1335.6	1049999	1295.2128	1295.2128	186.02054	-1296.0144	1960.729	1.6156667e-07	29118.474890708923
en_ran_init_ant_1f_a2_200_25_400_eg_r1_a0_eps_005_0	106	1996.8334	4011.0	1996.8334	4011.0	1059999	1295.0518	1295.0513	186.3372	-1295.751	1901.6968	7.347675e-07	29439.958991765976
en_ran_init_ant_1f_a2_200_25_400_eg_r1_a0_eps_005_0	107	4333.5	3063.4	4333.5	3063.4	1069999	1290.4005	1290.4008	187.37077	-1291.0283	1849.7466	4.7162553e-07	29740.047815084457
en_ran_init_ant_1f_a2_200_25_400_eg_r1_a0_eps_005_0	108	3878.5	3885.6	3878.5	3885.6	1079999	1287.893	1287.8922	186.18506	-1288.3903	1732.0	9.4560534e-07	30060.28073835373
en_ran_init_ant_1f_a2_200_25_400_eg_r1_a0_eps_005_0	109	4035.0	4160.2	4035.0	4160.2	1089999	1288.1516	1288.1509	185.70729	-1288.6696	1692.7124	2.319701e-06	30385.950805425644
en_ran_init_ant_1f_a2_200_25_400_eg_r1_a0_eps_005_0	110	2217.25	4040.0	2217.25	4040.0	1099999	1292.6818	1292.6876	184.55217	-1293.1665	1678.5452	2.444262e-06	30709.251434087753
en_ran_init_ant_1f_a2_200_25_400_eg_r1_a0_eps_005_0	111	5000.0	1266.6	5000.0	1266.6	1109999	1299.4056	1299.4031	184.24794	-1299.8297	1520.7463	2.6120297e-06	30974.908068180084
en_ran_init_ant_1f_a2_200_25_400_eg_r1_a0_eps_005_0	112	5000.0	2405.8	5000.0	2405.8	1119999	1304.8766	1304.8732	183.78917	-1305.0857	1464.3169	2.0940945e-06	31264.35086083412
en_ran_init_ant_1f_a2_200_25_400_eg_r1_a0_eps_005_0	113	2080.5	3655.6	2080.5	3655.6	1129999	1305.9055	1305.904	183.55243	-1306.0575	1420.9628	1.1719568e-06	31580.337612628937
en_ran_init_ant_1f_a2_200_25_400_eg_r1_a0_eps_005_0	114	2219.5	2694.8	2219.5	2694.8	1139999	1306.6095	1306.6111	186.75264	-1306.7228	1340.9094	3.5325381e-06	31875.175019979477
en_ran_init_ant_1f_a2_200_25_400_eg_r1_a0_eps_005_0	115	5000.0	2574.4	5000.0	2574.4	1149999	1307.0837	1307.0858	184.08264	-1307.0402	1228.6168	8.798072e-06	32171.161719322205
en_ran_init_ant_1f_a2_200_25_400_eg_r1_a0_eps_005_0	116	3646.0	1109.4	3646.0	1109.4	1159999	1305.9241	1305.9236	186.92953	-1305.9622	1234.7426	6.0183206e-06	32436.026211500168
en_ran_init_ant_1f_a2_200_25_400_eg_r1_a0_eps_005_0	117	5000.0	986.8	5000.0	986.8	1169999	1307.6478	1307.6466	186.50284	-1307.581	1197.446	5.1259867e-06	32696.493659496307
en_ran_init_ant_1f_a2_200_25_400_eg_r1_a0_eps_005_0	118	2535.0	762.0	2535.0	762.0	1179999	1310.0972	1310.1001	185.29585	-1310.0085	1144.654	6.3794664e-07	32955.82637667656
en_ran_init_ant_1f_a2_200_25_400_eg_r1_a0_eps_005_0	119	2836.0	3127.8	2836.0	3127.8	1189999	1311.6392	1311.6365	186.72867	-1311.495	1028.6083	5.432953e-07	33260.73837542534
en_ran_init_ant_1f_a2_200_25_400_eg_r1_a0_eps_005_0	120	2393.75	2163.0	2393.75	2163.0	1199999	1310.2758	1310.2781	184.976	-1310.101	1029.2605	7.4097926e-07	33547.02892422676
en_ran_init_ant_1f_a2_200_25_400_eg_r1_a0_eps_005_0	121	2969.5	2467.4	2969.5	2467.4	1209999	1309.3064	1309.3043	185.63078	-1309.125	1013.4326	2.474671e-07	33838.283015728
en_ran_init_ant_1f_a2_200_25_400_eg_r1_a0_eps_005_0	122	2486.0	3557.4	2486.0	3557.4	1219999	1310.7703	1310.7688	185.54515	-1310.7281	953.2312	2.2825468e-07	34152.87720012665
en_ran_init_ant_1f_a2_200_25_400_eg_r1_a0_eps_005_0	123	2841.0	2497.6	2841.0	2497.6	1229999	1312.4199	1312.4188	185.97543	-1312.1575	875.167	1.6964096e-06	34444.10267996788
en_ran_init_ant_1f_a2_200_25_400_eg_r1_a0_eps_005_0	124	3399.3333	2573.6	3399.3333	2573.6	1239999	1308.2379	1308.2378	183.54976	-1307.9773	937.5438	1.208453e-06	34737.43690490723
en_ran_init_ant_1f_a2_200_25_400_eg_r1_a0_eps_005_0	125	1810.25	3839.2	1810.25	3839.2	1249999	1305.9728	1305.9738	184.54475	-1305.693	836.1005	4.9304475e-07	35057.322575330734
en_ran_init_ant_1f_a2_200_25_400_eg_r1_a0_eps_005_0	126	5000.0	3070.6	5000.0	3070.6	1259999	1303.2881	1303.287	186.38144	-1303.0942	824.02814	1.2140882e-07	35358.46946430206
en_ran_init_ant_1f_a2_200_25_400_eg_r1_a0_eps_005_0	127	2763.25	2562.4	2763.25	2562.4	1269999	1300.8623	1300.8619	185.75046	-1300.656	772.8954	2.7107106e-07	35653.0014359951
en_ran_init_ant_1f_a2_200_25_400_eg_r1_a0_eps_005_0	128	4330.0	905.8	4330.0	905.8	1279999	1295.439	1295.4384	187.44556	-1295.2336	724.0102	5.0489675e-06	35915.25670623779
en_ran_init_ant_1f_a2_200_25_400_eg_r1_a0_eps_005_0	129	2614.2	2603.8	2614.2	2603.8	1289999	1291.9285	1291.9293	190.20364	-1291.8649	744.15686	1.982318e-05	36211.453268289566
en_ran_init_ant_1f_a2_200_25_400_eg_r1_a0_eps_005_0	130	2753.0	2734.4	2753.0	2734.4	1299999	1286.8729	1286.8746	189.44543	-1286.5964	746.5653	3.5647427e-06	36506.99794411659
en_ran_init_ant_1f_a2_200_25_400_eg_r1_a0_eps_005_0	131	3424.3333	2984.6	3424.3333	2984.6	1309999	1271.117	1271.1152	190.79214	-1270.8126	719.7171	4.9623904e-06	36808.08066415787
en_ran_init_ant_1f_a2_200_25_400_eg_r1_a0_eps_005_0	132	2680.25	1687.2	2680.25	1687.2	1319999	1258.1609	1258.1604	187.70856	-1257.806	654.37317	3.0743665e-06	37083.12320256233
en_ran_init_ant_1f_a2_200_25_400_eg_r1_a0_eps_005_0	133	1766.3334	409.0	1766.3334	409.0	1329999	1245.7346	1245.7361	187.72272	-1245.3445	664.4973	2.611981e-06	37331.84491991997
en_ran_init_ant_1f_a2_200_25_400_eg_r1_a0_eps_005_0	134	1506.0	767.6	1506.0	767.6	1339999	1237.2963	1237.2966	185.73056	-1236.9934	657.2147	5.701764e-07	37592.20738887787
en_ran_init_ant_1f_a2_200_25_400_eg_r1_a0_eps_005_0	135	2328.2	1778.2	2328.2	1778.2	1349999	1232.6368	1232.6368	188.62907	-1232.2847	639.7457	1.6625756e-07	37872.04171657562
en_ran_init_ant_1f_a2_200_25_400_eg_r1_a0_eps_005_0	136	2597.0	1953.2	2597.0	1953.2	1359999	1230.3173	1230.3162	187.6211	-1229.9199	589.2663	9.012133e-06	38154.59335398674
en_ran_init_ant_1f_a2_200_25_400_eg_r1_a0_eps_005_0	137	2506.8	1018.4	2506.8	1018.4	1369999	1224.4688	1224.4667	187.75127	-1224.1082	621.32	4.9372784e-06	38415.99167633057
en_ran_init_ant_1f_a2_200_25_400_eg_r1_a0_eps_005_0	138	1547.6666	2857.6	1547.6666	2857.6	1379999	1220.898	1220.8973	186.90791	-1220.6125	578.26495	4.432131e-06	38713.63019704819
en_ran_init_ant_1f_a2_200_25_400_eg_r1_a0_eps_005_0	139	1397.2858	2647.8	1397.2858	2647.8	1389999	1218.5691	1218.5668	187.47037	-1218.1946	608.26556	3.2895316e-06	39012.8789126873
en_ran_init_ant_1f_a2_200_25_400_eg_r1_a0_eps_005_0	140	1637.3334	1789.8	1637.3334	1789.8	1399999	1213.7434	1213.7415	187.74025	-1213.3353	638.4602	1.923223e-06	39293.31202173233
en_ran_init_ant_1f_a2_200_25_400_eg_r1_a0_eps_005_0	141	2398.0	2195.0	2398.0	2195.0	1409999	1209.9016	1209.9005	187.51738	-1209.6218	623.2872	1.4335025e-06	39583.39054465294
en_ran_init_ant_1f_a2_200_25_400_eg_r1_a0_eps_005_0	142	2225.0	1427.8	2225.0	1427.8	1419999	1206.9728	1206.9724	185.44449	-1206.6172	592.18835	1.0749919e-06	39855.77561044693
en_ran_init_ant_1f_a2_200_25_400_eg_r1_a0_eps_005_0	143	2929.3333	2551.4	2929.3333	2551.4	1429999	1205.8436	1205.845	187.26616	-1205.5352	576.3405	2.9063065e-07	40149.914133787155
en_ran_init_ant_1f_a2_200_25_400_eg_r1_a0_eps_005_0	144	2796.0	3725.0	2796.0	3725.0	1439999	1205.9722	1205.9749	189.19832	-1205.7228	583.3114	3.236483e-06	40467.807608127594
en_ran_init_ant_1f_a2_200_25_400_eg_r1_a0_eps_005_0	145	2390.5	2748.6	2390.5	2748.6	1449999	1208.4609	1208.4592	190.32391	-1208.1979	585.1871	3.7978623e-07	40764.79763531685
en_ran_init_ant_1f_a2_200_25_400_eg_r1_a0_eps_005_0	146	2172.4	2683.6	2172.4	2683.6	1459999	1206.7156	1206.7144	193.04868	-1206.5089	539.76086	4.5365366e-07	41061.91256523132
en_ran_init_ant_1f_a2_200_25_400_eg_r1_a0_eps_005_0	147	3186.6667	949.0	3186.6667	949.0	1469999	1204.0105	1204.0105	192.6717	-1203.7074	518.8816	3.3068372e-07	41325.51943039894
en_ran_init_ant_1f_a2_200_25_400_eg_r1_a0_eps_005_0	148	3236.0	1360.0	3236.0	1360.0	1479999	1208.6434	1208.6428	192.55121	-1208.4554	544.88696	3.7441146e-07	41597.99695801735
en_ran_init_ant_1f_a2_200_25_400_eg_r1_a0_eps_005_0	149	3724.6667	2176.6	3724.6667	2176.6	1489999	1212.3173	1212.3165	190.79753	-1212.1138	541.4465	6.0014213e-07	41884.59295248985
en_ran_init_ant_1f_a2_200_25_400_eg_r1_a0_eps_005_0	150	2004.4	2340.2	2004.4	2340.2	1499999	1214.2512	1214.2517	193.68143	-1214.0338	543.3864	5.888631e-07	42177.41384458542
en_ran_init_ant_1f_a2_200_25_400_eg_r1_a0_eps_005_0	151	991.2	3236.0	991.2	3236.0	1509999	1216.1799	1216.182	193.29683	-1215.8687	537.8935	5.3463253e-07	42485.75624513626
en_ran_init_ant_1f_a2_200_25_400_eg_r1_a0_eps_005_0	152	2014.5	3965.2	2014.5	3965.2	1519999	1218.9647	1218.9652	193.8121	-1218.6666	548.823	6.5005893e-06	42809.19503188133
en_ran_init_ant_1f_a2_200_25_400_eg_r1_a0_eps_005_0	153	2536.0	1829.4	2536.0	1829.4	1529999	1222.17	1222.171	192.76508	-1221.9948	561.6298	2.4967221e-06	43088.78472208977
en_ran_init_ant_1f_a2_200_25_400_eg_r1_a0_eps_005_0	154	2787.0	3078.2	2787.0	3078.2	1539999	1223.4924	1223.4946	191.81631	-1223.1849	561.39105	1.3634577e-06	43391.786767721176
en_ran_init_ant_1f_a2_200_25_400_eg_r1_a0_eps_005_0	155	1692.2	2686.4	1692.2	2686.4	1549999	1224.1547	1224.1554	191.22778	-1223.8982	550.0791	6.814084e-07	43695.57019877434
en_ran_init_ant_1f_a2_200_25_400_eg_r1_a0_eps_005_0	156	2809.3333	4195.2	2809.3333	4195.2	1559999	1223.3464	1223.3456	191.82166	-1223.0585	542.0332	1.9451475e-07	44017.320659160614
en_ran_init_ant_1f_a2_200_25_400_eg_r1_a0_eps_005_0	157	5000.0	1452.6	5000.0	1452.6	1569999	1221.4187	1221.4199	193.48325	-1221.1362	497.0536	8.727285e-08	44293.99755716324
en_ran_init_ant_1f_a2_200_25_400_eg_r1_a0_eps_005_0	158	2909.5	2400.4	2909.5	2400.4	1579999	1219.6892	1219.6887	194.33946	-1219.4106	530.329	4.6514882e-07	44585.93983602524
en_ran_init_ant_1f_a2_200_25_400_eg_r1_a0_eps_005_0	159	2806.0	2116.4	2806.0	2116.4	1589999	1222.7924	1222.7926	194.89534	-1222.6008	526.8182	9.11734e-08	44873.1673951149
en_ran_init_ant_1f_a2_200_25_400_eg_r1_a0_eps_005_0	160	2077.0	2854.4	2077.0	2854.4	1599999	1228.67	1228.6722	199.11209	-1228.3774	536.717	2.6762905e-06	45176.41371464729
en_ran_init_ant_1f_a2_200_25_400_eg_r1_a0_eps_005_0	161	3358.75	3056.6	3358.75	3056.6	1609999	1228.3025	1228.3025	194.70512	-1227.9882	532.2369	3.062613e-07	45482.399539232254
en_ran_init_ant_1f_a2_200_25_400_eg_r1_a0_eps_005_0	162	2660.0	953.0	2660.0	953.0	1619999	1226.5557	1226.5569	195.15726	-1226.2526	508.9139	1.2612205e-06	45744.898077726364
en_ran_init_ant_1f_a2_200_25_400_eg_r1_a0_eps_005_0	163	1695.0	2418.2	1695.0	2418.2	1629999	1224.2758	1224.2755	191.6715	-1223.9508	507.89395	6.1611576e-07	46038.29769706726
en_ran_init_ant_1f_a2_200_25_400_eg_r1_a0_eps_005_0	164	2586.0	3459.0	2586.0	3459.0	1639999	1224.1853	1224.1871	194.93343	-1223.9749	548.5984	3.1063878e-06	46351.00401759148
en_ran_init_ant_1f_a2_200_25_400_eg_r1_a0_eps_005_0	165	2203.6	2261.6	2203.6	2261.6	1649999	1228.4493	1228.4495	191.1984	-1228.1674	509.5632	9.4684865e-06	46642.82727885246
en_ran_init_ant_1f_a2_200_25_400_eg_r1_a0_eps_005_0	166	2186.25	2213.6	2186.25	2213.6	1659999	1230.6661	1230.6658	196.18556	-1230.4677	519.3866	7.417231e-07	46940.50590777397
en_ran_init_ant_1f_a2_200_25_400_eg_r1_a0_eps_005_0	167	1323.375	1621.4	1323.375	1621.4	1669999	1230.6451	1230.6456	194.10764	-1230.2148	508.16086	1.6495925e-06	47219.54899287224
en_ran_init_ant_1f_a2_200_25_400_eg_r1_a0_eps_005_0	168	1608.0	3442.0	1608.0	3442.0	1679999	1229.1799	1229.1783	198.21826	-1228.817	485.6264	2.818467e-06	47536.88330578804
en_ran_init_ant_1f_a2_200_25_400_eg_r1_a0_eps_005_0	169	1235.0	1824.2	1235.0	1824.2	1689999	1229.2574	1229.2565	195.04242	-1228.9357	530.7783	2.3174948e-06	47812.25961256027
en_ran_init_ant_1f_a2_200_25_400_eg_r1_a0_eps_005_0	170	1329.5714	1876.2	1329.5714	1876.2	1699999	1226.1628	1226.1617	195.023	-1225.8206	531.5956	9.898016e-07	48094.03345131874
en_ran_init_ant_1f_a2_200_25_400_eg_r1_a0_eps_005_0	171	2498.0	1733.4	2498.0	1733.4	1709999	1227.3456	1227.3456	195.30077	-1227.0404	512.6686	1.2119554e-06	48383.84462738037
en_ran_init_ant_1f_a2_200_25_400_eg_r1_a0_eps_005_0	172	3512.0	2027.6	3512.0	2027.6	1719999	1230.3308	1230.3325	194.09935	-1230.0376	522.8801	3.3442004e-07	48672.53129482269
en_ran_init_ant_1f_a2_200_25_400_eg_r1_a0_eps_005_0	173	1164.1666	2359.8	1164.1666	2359.8	1729999	1230.8092	1230.8096	190.9438	-1230.5052	556.5023	2.722308e-07	48964.33583974838
en_ran_init_ant_1f_a2_200_25_400_eg_r1_a0_eps_005_0	174	2142.1667	1132.0	2142.1667	1132.0	1739999	1231.8682	1231.869	190.6771	-1231.5212	567.0478	3.2204755e-07	49235.260210990906
en_ran_init_ant_1f_a2_200_25_400_eg_r1_a0_eps_005_0	175	2046.5	2826.0	2046.5	2826.0	1749999	1235.1304	1235.1306	186.34026	-1234.8724	563.4742	5.400809e-07	49535.21075606346
en_ran_init_ant_1f_a2_200_25_400_eg_r1_a0_eps_005_0	176	2772.0	2576.6	2772.0	2576.6	1759999	1235.8793	1235.878	187.92387	-1235.5453	544.37354	8.6878475e-07	49832.51409006119
en_ran_init_ant_1f_a2_200_25_400_eg_r1_a0_eps_005_0	177	3940.6667	4145.0	3940.6667	4145.0	1769999	1235.4196	1235.4191	191.27295	-1235.0928	566.0762	3.7145963e-07	50161.27316856384
en_ran_init_ant_1f_a2_200_25_400_eg_r1_a0_eps_005_0	178	3059.0	2225.2	3059.0	2225.2	1779999	1239.0911	1239.0922	192.41705	-1238.8158	602.5377	5.341738e-07	50449.130113363266
en_ran_init_ant_1f_a2_200_25_400_eg_r1_a0_eps_005_0	179	3400.0	3756.6	3400.0	3756.6	1789999	1243.1022	1243.1023	192.54543	-1242.7949	532.3818	1.9394752e-06	50770.392493486404
en_ran_init_ant_1f_a2_200_25_400_eg_r1_a0_eps_005_0	180	5000.0	5000.0	5000.0	5000.0	1799999	1243.9033	1243.9032	191.3177	-1243.6272	523.0925	3.58691e-06	51106.99455213547
en_ran_init_ant_1f_a2_200_25_400_eg_r1_a0_eps_005_0	181	3018.75	4717.2	3018.75	4717.2	1809999	1242.6317	1242.6327	189.36475	-1242.3248	508.76324	1.8083358e-06	51438.6946246624
en_ran_init_ant_1f_a2_200_25_400_eg_r1_a0_eps_005_0	182	3583.6667	2341.2	3583.6667	2341.2	1819999	1238.1138	1238.1167	190.19879	-1237.8298	499.5256	7.3495806e-07	51720.83077812195
en_ran_init_ant_1f_a2_200_25_400_eg_r1_a0_eps_005_0	183	2332.0	2087.8	2332.0	2087.8	1829999	1236.7386	1236.7369	193.05217	-1236.3192	491.2762	1.4205133e-06	51995.79937291145
en_ran_init_ant_1f_a2_200_25_400_eg_r1_a0_eps_005_0	184	5000.0	3009.4	5000.0	3009.4	1839999	1235.1426	1235.1442	190.37575	-1234.8402	525.0923	2.7226902e-06	52285.824388980865
en_ran_init_ant_1f_a2_200_25_400_eg_r1_a0_eps_005_0	185	2139.8	3018.0	2139.8	3018.0	1849999	1238.9126	1238.9144	187.39253	-1238.64	515.4029	6.702537e-07	52582.52543377876
en_ran_init_ant_1f_a2_200_25_400_eg_r1_a0_eps_005_0	186	1156.5	3084.2	1156.5	3084.2	1859999	1235.5898	1235.5898	190.94162	-1235.2761	528.5602	1.5793154e-06	52888.44480776787
en_ran_init_ant_1f_a2_200_25_400_eg_r1_a0_eps_005_0	187	4046.0	4251.8	4046.0	4251.8	1869999	1232.8074	1232.8087	191.14572	-1232.482	486.2411	7.0318947e-07	53217.326479911804
en_ran_init_ant_1f_a2_200_25_400_eg_r1_a0_eps_005_0	188	3384.5	3185.6	3384.5	3185.6	1879999	1232.4996	1232.4984	189.68762	-1232.1678	481.04306	2.0116984e-06	53524.4914689064
en_ran_init_ant_1f_a2_200_25_400_eg_r1_a0_eps_005_0	189	2510.5	3408.8	2510.5	3408.8	1889999	1230.6104	1230.6108	188.68477	-1230.3177	475.95926	2.4190554e-06	53840.41807413101
en_ran_init_ant_1f_a2_200_25_400_eg_r1_a0_eps_005_0	190	4152.3335	3688.4	4152.3335	3688.4	1899999	1230.3549	1230.3531	188.99731	-1230.044	502.68054	2.9362134e-06	54156.465351343155
en_ran_init_ant_1f_a2_200_25_400_eg_r1_a0_eps_005_0	191	4528.0	3394.0	4528.0	3394.0	1909999	1230.853	1230.853	189.74431	-1230.5427	494.19354	4.779628e-06	54470.447083473206
en_ran_init_ant_1f_a2_200_25_400_eg_r1_a0_eps_005_0	192	2470.0	2986.4	2470.0	2986.4	1919999	1225.699	1225.7019	187.36441	-1225.4143	501.88586	2.5649852e-06	54776.49464011192
en_ran_init_ant_1f_a2_200_25_400_eg_r1_a0_eps_005_0	193	3254.3333	1975.6	3254.3333	1975.6	1929999	1221.3237	1221.3232	188.97392	-1220.9958	458.62735	8.1161875e-07	55059.012377500534
en_ran_init_ant_1f_a2_200_25_400_eg_r1_a0_eps_005_0	194	1951.0	3297.4	1951.0	3297.4	1939999	1215.1794	1215.1791	188.43082	-1214.8505	467.134	1.3869231e-06	55363.970608234406
en_ran_init_ant_1f_a2_200_25_400_eg_r1_a0_eps_005_0	195	3067.0	2921.6	3067.0	2921.6	1949999	1211.0125	1211.0122	188.15073	-1210.68	473.08575	3.1879685e-07	55666.17536973953
en_ran_init_ant_1f_a2_200_25_400_eg_r1_a0_eps_005_0	196	1927.6	2939.0	1927.6	2939.0	1959999	1208.4926	1208.4922	192.02153	-1208.2067	440.8962	1.5370036e-06	55973.10275530815
en_ran_init_ant_1f_a2_200_25_400_eg_r1_a0_eps_005_0	197	5000.0	2641.6	5000.0	2641.6	1969999	1208.5121	1208.5114	191.26846	-1208.2803	457.75296	4.589064e-07	56270.92046380043
en_ran_init_ant_1f_a2_200_25_400_eg_r1_a0_eps_005_0	198	2172.6	4337.8	2172.6	4337.8	1979999	1204.5835	1204.5822	188.8041	-1204.2325	443.8172	8.930881e-08	56607.06475996971
en_ran_init_ant_1f_a2_200_25_400_eg_r1_a0_eps_005_0	199	3353.0	1494.4	3353.0	1494.4	1989999	1200.0668	1200.0669	190.53021	-1199.7701	463.0445	3.1587406e-05	56893.01569366455
en_ran_init_ant_1f_a2_200_25_400_eg_r1_a0_eps_005_0	200	2175.4	1600.0	2175.4	1600.0	1999999	1199.8336	1199.8309	190.38853	-1199.5507	482.2655	5.2400006e-05	57173.132174253464
en_ran_init_ant_1f_a2_200_25_400_eg_r1_a0_eps_005_0	201	1800.0	3587.2	1800.0	3587.2	2009999	1196.6268	1196.6249	189.49617	-1196.356	457.9353	5.0081962e-05	57490.736511707306
en_ran_init_ant_1f_a2_200_25_400_eg_r1_a0_eps_005_0	202	2321.5	3911.8	2321.5	3911.8	2019999	1196.2837	1196.284	190.38123	-1196.0745	499.4777	1.49279385e-05	57817.521797418594
en_ran_init_ant_1f_a2_200_25_400_eg_r1_a0_eps_005_0	203	1921.1666	1718.6	1921.1666	1718.6	2029999	1199.9238	1199.923	190.126	-1199.6842	467.02176	3.612696e-06	58098.38030457497
en_ran_init_ant_1f_a2_200_25_400_eg_r1_a0_eps_005_0	204	2664.5	3130.2	2664.5	3130.2	2039999	1199.683	1199.6821	187.05016	-1199.3782	502.7342	9.380512e-06	58408.129945516586
en_ran_init_ant_1f_a2_200_25_400_eg_r1_a0_eps_005_0	205	5000.0	4416.2	5000.0	4416.2	2049999	1199.1466	1199.147	189.36766	-1198.8972	477.5987	1.1405304e-05	58742.18526530266
en_ran_init_ant_1f_a2_200_25_400_eg_r1_a0_eps_005_0	206	5000.0	3526.8	5000.0	3526.8	2059999	1200.7539	1200.7529	188.76611	-1200.5497	473.45154	9.9380395e-06	59049.77589011192
en_ran_init_ant_1f_a2_200_25_400_eg_r1_a0_eps_005_0	207	3053.6667	5000.0	3053.6667	5000.0	2069999	1200.3011	1200.301	187.39592	-1200.0052	458.3609	5.1321094e-06	59383.84613656998
en_ran_init_ant_1f_a2_200_25_400_eg_r1_a0_eps_005_0	208	4432.5	1987.4	4432.5	1987.4	2079999	1197.952	1197.9514	187.04254	-1197.7251	484.08966	5.7552757e-06	59659.5871860981
en_ran_init_ant_1f_a2_200_25_400_eg_r1_a0_eps_005_0	209	5000.0	3269.4	5000.0	3269.4	2089999	1199.9874	1199.9873	189.19154	-1199.7751	469.12146	2.2770794e-06	59960.22151708603
en_ran_init_ant_1f_a2_200_25_400_eg_r1_a0_eps_005_0	210	2387.0	4523.4	2387.0	4523.4	2099999	1201.9436	1201.9445	191.54816	-1201.6882	486.9493	1.5460106e-06	60284.408937215805
en_ran_init_ant_1f_a2_200_25_400_eg_r1_a0_eps_005_0	211	2085.0	2477.2	2085.0	2477.2	2109999	1201.5574	1201.5566	189.7753	-1201.3925	523.41846	3.1756897e-06	60565.037095308304
en_ran_init_ant_1f_a2_200_25_400_eg_r1_a0_eps_005_0	212	4608.0	3058.8	4608.0	3058.8	2119999	1206.5226	1206.5208	190.09798	-1206.3678	504.7313	7.141532e-07	60862.17641091347
en_ran_init_ant_1f_a2_200_25_400_eg_r1_a0_eps_005_0	213	4283.0	3532.2	4283.0	3532.2	2129999	1210.3916	1210.3912	188.79044	-1210.1959	485.77655	3.5376872e-06	61168.48847365379
en_ran_init_ant_1f_a2_200_25_400_eg_r1_a0_eps_005_0	214	3679.5	3429.2	3679.5	3429.2	2139999	1215.2104	1215.2124	188.41708	-1215.0144	497.48065	9.113479e-06	61469.48482275009
en_ran_init_ant_1f_a2_200_25_400_eg_r1_a0_eps_005_0	215	1953.4	2622.6	1953.4	2622.6	2149999	1219.7848	1219.7859	190.52795	-1219.6045	485.0519	6.10748e-06	61755.6097612381
en_ran_init_ant_1f_a2_200_25_400_eg_r1_a0_eps_005_0	216	3330.0	3580.2	3330.0	3580.2	2159999	1225.0543	1225.0546	191.22403	-1224.9371	506.0141	7.204004e-06	62060.31802821159
en_ran_init_ant_1f_a2_200_25_400_eg_r1_a0_eps_005_0	217	2714.5	2400.4	2714.5	2400.4	2169999	1229.706	1229.7039	192.52667	-1229.5258	477.7811	6.56988e-06	62341.08292675018
en_ran_init_ant_1f_a2_200_25_400_eg_r1_a0_eps_005_0	218	3071.3333	1188.4	3071.3333	1188.4	2179999	1229.695	1229.696	191.29091	-1229.4717	470.8236	1.6561928e-05	62600.44396138191
en_ran_init_ant_1f_a2_200_25_400_eg_r1_a0_eps_005_0	219	3715.0	3059.4	3715.0	3059.4	2189999	1231.4883	1231.4886	188.02983	-1231.2789	497.9052	2.4440851e-05	62893.704536914825
en_ran_init_ant_1f_a2_200_25_400_eg_r1_a0_eps_005_0	220	2619.4	2757.0	2619.4	2757.0	2199999	1231.1234	1231.1234	186.94873	-1230.9366	464.2022	1.1913547e-05	63182.125774383545
en_ran_init_ant_1f_a2_200_25_400_eg_r1_a0_eps_005_0	221	4802.0	2548.8	4802.0	2548.8	2209999	1236.5217	1236.5238	188.56674	-1236.331	489.6597	9.740201e-06	63465.79637527466
en_ran_init_ant_1f_a2_200_25_400_eg_r1_a0_eps_005_0	222	5000.0	3201.8	5000.0	3201.8	2219999	1238.7544	1238.7545	190.22652	-1238.5468	447.49936	6.996607e-06	63769.78071928024
en_ran_init_ant_1f_a2_200_25_400_eg_r1_a0_eps_005_0	223	4895.0	4169.0	4895.0	4169.0	2229999	1240.9437	1240.9432	189.21516	-1240.74	520.3442	5.6601366e-06	64096.76777768135
en_ran_init_ant_1f_a2_200_25_400_eg_r1_a0_eps_005_0	224	3773.5	4476.2	3773.5	4476.2	2239999	1244.7047	1244.7045	186.94792	-1244.5701	474.9852	5.0859253e-05	64433.48408746719
en_ran_init_ant_1f_a2_200_25_400_eg_r1_a0_eps_005_0	225	2928.75	1676.6	2928.75	1676.6	2249999	1245.2664	1245.2654	191.30772	-1245.0985	471.8987	6.1961415e-05	64711.71654653549
en_ran_init_ant_1f_a2_200_25_400_eg_r1_a0_eps_005_0	226	5000.0	4831.8	5000.0	4831.8	2259999	1245.901	1245.9021	189.22641	-1245.713	450.042	1.2100103e-05	65054.71409893036
en_ran_init_ant_1f_a2_200_25_400_eg_r1_a0_eps_005_0	227	3052.0	4024.8	3052.0	4024.8	2269999	1249.0936	1249.0939	189.30408	-1248.873	464.5189	6.989236e-06	65385.15488862991
en_ran_init_ant_1f_a2_200_25_400_eg_r1_a0_eps_005_0	228	3400.0	2698.8	3400.0	2698.8	2279999	1254.7705	1254.7693	189.22687	-1254.6382	435.7174	6.1552687e-06	65688.3372437954
en_ran_init_ant_1f_a2_200_25_400_eg_r1_a0_eps_005_0	229	3468.3333	4300.6	3468.3333	4300.6	2289999	1260.8787	1260.8785	189.71477	-1260.7748	472.5132	2.197012e-05	66022.89906072617
en_ran_init_ant_1f_a2_200_25_400_eg_r1_a0_eps_005_0	230	3802.6667	4146.6	3802.6667	4146.6	2299999	1266.8645	1266.8644	191.03871	-1266.7126	452.75336	1.5409734e-05	66357.2790210247
en_ran_init_ant_1f_a2_200_25_400_eg_r1_a0_eps_005_0	231	2677.75	2256.4	2677.75	2256.4	2309999	1268.3794	1268.3796	188.90851	-1268.2192	438.74774	5.79841e-06	66649.55982017517
en_ran_init_ant_1f_a2_200_25_400_eg_r1_a0_eps_005_0	232	1880.5	2502.0	1880.5	2502.0	2319999	1272.0479	1272.0485	185.64713	-1271.95	512.6985	2.1866883e-06	66941.17610192299
en_ran_init_ant_1f_a2_200_25_400_eg_r1_a0_eps_005_0	233	4287.0	1276.0	4287.0	1276.0	2329999	1277.3469	1277.3466	186.46709	-1277.2736	482.01416	6.3810676e-06	67212.07210373878
en_ran_init_ant_1f_a2_200_25_400_eg_r1_a0_eps_005_0	234	3395.0	2063.6	3395.0	2063.6	2339999	1284.9856	1284.9866	186.66603	-1284.9594	483.5	1.4318666e-05	67493.63045740128
en_ran_init_ant_1f_a2_200_25_400_eg_r1_a0_eps_005_0	235	3400.0	1756.4	3400.0	1756.4	2349999	1289.6971	1289.6943	189.14789	-1289.589	430.448	1.0433911e-05	67766.76603841782
en_ran_init_ant_1f_a2_200_25_400_eg_r1_a0_eps_005_0	236	4865.0	2107.4	4865.0	2107.4	2359999	1291.6537	1291.6555	191.9562	-1291.5222	424.6038	5.0655976e-06	68053.36073470116
en_ran_init_ant_1f_a2_200_25_400_eg_r1_a0_eps_005_0	237	3380.25	1803.0	3380.25	1803.0	2369999	1293.9633	1293.9624	189.18979	-1293.86	460.5338	1.0561492e-05	68331.59210634232
en_ran_init_ant_1f_a2_200_25_400_eg_r1_a0_eps_005_0	238	5000.0	3019.6	5000.0	3019.6	2379999	1295.7195	1295.7208	190.5001	-1295.6176	495.9363	9.757749e-06	68637.02265381813
en_ran_init_ant_1f_a2_200_25_400_eg_r1_a0_eps_005_0	239	1474.75	1695.0	1474.75	1695.0	2389999	1296.6066	1296.6042	192.1419	-1296.492	439.5162	2.062066e-05	68916.25187015533
en_ran_init_ant_1f_a2_200_25_400_eg_r1_a0_eps_005_0	240	3598.5	1658.6	3598.5	1658.6	2399999	1298.8245	1298.8253	192.59207	-1298.6792	430.0323	9.3591925e-06	69192.72316908836
en_ran_init_ant_1f_a2_200_25_400_eg_r1_a0_eps_005_0	241	2950.0	2317.2	2950.0	2317.2	2409999	1300.8062	1300.8043	188.93317	-1300.6239	441.9409	2.2858689e-05	69481.07643842697
en_ran_init_ant_1f_a2_200_25_400_eg_r1_a0_eps_005_0	242	1676.125	4584.8	1676.125	4584.8	2419999	1304.07	1304.0696	191.07191	-1303.9829	451.4169	4.6561094e-05	69814.70826101303
en_ran_init_ant_1f_a2_200_25_400_eg_r1_a0_eps_005_0	243	2542.0	2126.2	2542.0	2126.2	2429999	1307.9283	1307.9291	189.86589	-1307.8319	466.02545	3.147057e-05	70100.22723555565
en_ran_init_ant_1f_a2_200_25_400_eg_r1_a0_eps_005_0	244	4150.6665	3233.4	4150.6665	3233.4	2439999	1311.2544	1311.2567	190.70416	-1311.0721	485.1625	3.2872398e-05	70406.43377399445
en_ran_init_ant_1f_a2_200_25_400_eg_r1_a0_eps_005_0	245	2500.0	793.2	2500.0	793.2	2449999	1316.8937	1316.893	193.84541	-1316.8256	454.4826	3.7256e-05	70661.54917049408
en_ran_init_ant_1f_a2_200_25_400_eg_r1_a0_eps_005_0	246	5000.0	2350.2	5000.0	2350.2	2459999	1324.8888	1324.8875	193.09708	-1324.8744	452.03046	3.936505e-05	70956.9592897892
en_ran_init_ant_1f_a2_200_25_400_eg_r1_a0_eps_005_0	247	2845.5	4016.6	2845.5	4016.6	2469999	1329.063	1329.0608	192.89688	-1328.8876	435.9228	1.676807e-05	71277.2099943161
en_ran_init_ant_1f_a2_200_25_400_eg_r1_a0_eps_005_0	248	3642.6667	3352.2	3642.6667	3352.2	2479999	1328.3981	1328.3977	191.03464	-1328.2275	438.0907	3.9465143e-05	71582.57064008713
en_ran_init_ant_1f_a2_200_25_400_eg_r1_a0_eps_005_0	249	3343.0	2901.8	3343.0	2901.8	2489999	1328.6301	1328.6302	192.64952	-1328.4478	477.09885	8.199736e-06	71880.04457521439
en_ran_init_ant_1f_a2_200_25_400_eg_r1_a0_eps_005_0	250	2729.5	2638.0	2729.5	2638.0	2499999	1329.767	1329.7671	191.31017	-1329.6864	435.8118	3.965085e-06	72177.23065018654
en_ran_init_ant_1f_a2_200_25_400_eg_r1_a0_eps_005_0	251	3979.6667	3125.8	3979.6667	3125.8	2509999	1331.3875	1331.3854	190.99933	-1331.3176	424.20905	9.855107e-06	72479.74351811409
en_ran_init_ant_1f_a2_200_25_400_eg_r1_a0_eps_005_0	252	2480.5	2369.8	2480.5	2369.8	2519999	1331.95	1331.9484	190.15137	-1331.7882	420.4318	1.1877139e-05	72770.12308120728
en_ran_init_ant_1f_a2_200_25_400_eg_r1_a0_eps_005_0	253	1003.7273	1668.4	1003.7273	1668.4	2529999	1332.9506	1332.9497	191.30875	-1332.8578	455.92664	3.4932167e-05	73045.23649168015
en_ran_init_ant_1f_a2_200_25_400_eg_r1_a0_eps_005_0	254	2327.5	3431.2	2327.5	3431.2	2539999	1334.5833	1334.5833	192.65599	-1334.4443	465.2246	2.328957e-05	73357.30018782616
en_ran_init_ant_1f_a2_200_25_400_eg_r1_a0_eps_005_0	255	1840.0	1353.0	1840.0	1353.0	2549999	1334.9568	1334.957	190.81053	-1334.7192	474.35724	5.655735e-06	73624.89904856682
en_ran_init_ant_1f_a2_200_25_400_eg_r1_a0_eps_005_0	256	5000.0	1777.4	5000.0	1777.4	2559999	1332.3177	1332.3163	189.23935	-1332.1003	508.74854	8.80953e-06	73897.92021489143
en_ran_init_ant_1f_a2_200_25_400_eg_r1_a0_eps_005_0	257	2210.0	1818.2	2210.0	1818.2	2569999	1329.6647	1329.6659	188.02176	-1329.456	492.3076	1.9602637e-06	74180.9655714035
en_ran_init_ant_1f_a2_200_25_400_eg_r1_a0_eps_005_0	258	2147.75	2130.6	2147.75	2130.6	2579999	1326.5515	1326.5519	188.30815	-1326.3394	469.1717	8.855553e-06	74468.0199906826
en_ran_init_ant_1f_a2_200_25_400_eg_r1_a0_eps_005_0	259	4319.0	2081.2	4319.0	2081.2	2589999	1326.2891	1326.2885	186.40945	-1326.1466	449.1448	2.117758e-06	74751.83862900734
en_ran_init_ant_1f_a2_200_25_400_eg_r1_a0_eps_005_0	260	1266.6666	1118.4	1266.6666	1118.4	2599999	1322.6743	1322.6755	184.66945	-1322.4052	449.6768	3.2178841e-06	75020.74797105789
en_ran_init_ant_1f_a2_200_25_400_eg_r1_a0_eps_005_0	261	3847.6667	377.4	3847.6667	377.4	2609999	1318.852	1318.8508	185.88977	-1318.6322	462.26675	5.5575065e-06	75273.15009021759
en_ran_init_ant_1f_a2_200_25_400_eg_r1_a0_eps_005_0	262	4341.0	3014.6	4341.0	3014.6	2619999	1316.0681	1316.0707	185.161	-1315.86	468.03644	9.163187e-06	75578.59086251259
en_ran_init_ant_1f_a2_200_25_400_eg_r1_a0_eps_005_0	263	2641.5	2797.0	2641.5	2797.0	2629999	1312.7811	1312.7827	187.82072	-1312.57	474.81534	1.8597988e-05	75883.05940437317
en_ran_init_ant_1f_a2_200_25_400_eg_r1_a0_eps_005_0	264	1392.8334	2623.6	1392.8334	2623.6	2639999	1308.8671	1308.8671	187.9353	-1308.7628	484.4693	4.2807354e-05	76165.60292100906
en_ran_init_ant_1f_a2_200_25_400_eg_r1_a0_eps_005_0	265	4223.0	2406.2	4223.0	2406.2	2649999	1309.0762	1309.0765	186.9495	-1308.954	480.56815	3.0074114e-05	76418.46142482758
en_ran_init_ant_1f_a2_200_25_400_eg_r1_a0_eps_005_0	266	4383.5	3711.2	4383.5	3711.2	2659999	1310.5585	1310.56	192.30125	-1310.5684	466.4344	2.452969e-05	76696.78841543198
en_ran_init_ant_1f_a2_200_25_400_eg_r1_a0_eps_005_0	267	1605.5	2128.8	1605.5	2128.8	2669999	1312.1007	1312.1008	189.49834	-1311.9698	476.7284	2.376405e-05	76958.62834596634
en_ran_init_ant_1f_a2_200_25_400_eg_r1_a0_eps_005_0	268	3436.3333	1070.0	3436.3333	1070.0	2679999	1309.2495	1309.251	192.41676	-1309.0837	419.5984	3.3858065e-05	77189.39760828018
en_ran_init_ant_1f_a2_200_25_400_eg_r1_a0_eps_005_0	269	2982.0	2497.0	2982.0	2497.0	2689999	1305.6326	1305.6302	191.27661	-1305.4774	416.62994	2.3949022e-05	77457.03927850723
en_ran_init_ant_1f_a2_200_25_400_eg_r1_a0_eps_005_0	270	2472.0	3064.4	2472.0	3064.4	2699999	1304.8752	1304.8754	194.9009	-1304.7802	424.2984	3.142212e-05	77725.69301438332
en_ran_init_ant_1f_a2_200_25_400_eg_r1_a0_eps_005_0	271	1294.625	3309.0	1294.625	3309.0	2709999	1307.3857	1307.3855	194.13033	-1307.2484	450.84244	3.6668353e-05	78003.9934182167
en_ran_init_ant_1f_a2_200_25_400_eg_r1_a0_eps_005_0	272	3425.0	2363.4	3425.0	2363.4	2719999	1308.2706	1308.2688	189.4264	-1308.1442	438.29916	4.838753e-05	78267.06978082657
en_ran_init_ant_1f_a2_200_25_400_eg_r1_a0_eps_005_0	273	2898.6667	2997.2	2898.6667	2997.2	2729999	1307.7268	1307.7262	195.06404	-1307.5612	482.82214	5.870257e-05	78520.43827223778
en_ran_init_ant_1f_a2_200_25_400_eg_r1_a0_eps_005_0	274	2910.4	2961.2	2910.4	2961.2	2739999	1310.1537	1310.1508	194.35631	-1310.0894	471.1094	6.24125e-05	78755.74122452736
en_ran_init_ant_1f_a2_200_25_400_eg_r1_a0_eps_005_0	275	1934.0	3498.8	1934.0	3498.8	2749999	1315.5035	1315.5046	188.56915	-1315.4327	476.10406	2.1431664e-05	78992.42957806587
en_ran_init_ant_1f_a2_200_25_400_eg_r1_a0_eps_005_0	276	2431.5	2880.2	2431.5	2880.2	2759999	1316.7499	1316.7485	193.32	-1316.6555	450.7205	2.0131332e-05	79226.2772371769
en_ran_init_ant_1f_a2_200_25_400_eg_r1_a0_eps_005_0	277	5000.0	3729.4	5000.0	3729.4	2769999	1312.8817	1312.8828	191.8222	-1312.6729	445.7581	1.7250086e-05	79436.24895191193
en_ran_init_ant_1f_a2_200_25_400_eg_r1_a0_eps_005_0	278	4197.0	2718.8	4197.0	2718.8	2779999	1311.9231	1311.9221	191.5409	-1311.7556	474.1664	1.4187786e-05	79611.91055202484
en_ran_init_ant_1f_a2_200_25_400_eg_r1_a0_eps_005_0	279	1788.1428	2391.2	1788.1428	2391.2	2789999	1312.3613	1312.3612	188.07405	-1312.2694	444.85416	1.2735319e-05	79763.46311879158
en_ran_init_ant_1f_a2_200_25_400_eg_r1_a0_eps_005_0	280	2674.5	5000.0	2674.5	5000.0	2799999	1311.5416	1311.5387	191.37471	-1311.3912	429.78305	1.4179459e-05	79937.80979132652
en_ran_init_ant_1f_a2_200_25_400_eg_r1_a0_eps_005_0	281	1834.3334	2731.4	1834.3334	2731.4	2809999	1309.9164	1309.9153	185.43672	-1309.8495	462.80716	2.7132672e-05	80091.02584147453
en_ran_init_ant_1f_a2_200_25_400_eg_r1_a0_eps_005_0	282	2285.0	2959.4	2285.0	2959.4	2819999	1308.3595	1308.3591	190.68811	-1308.2397	422.5553	2.1413003e-05	80245.92412543297
en_ran_init_ant_1f_a2_200_25_400_eg_r1_a0_eps_005_0	283	1420.5555	2695.2	1420.5555	2695.2	2829999	1305.4917	1305.4927	191.81447	-1305.3156	423.4843	1.698723e-05	80397.48463058472
en_ran_init_ant_1f_a2_200_25_400_eg_r1_a0_eps_005_0	284	2408.6667	2281.4	2408.6667	2281.4	2839999	1301.2484	1301.247	188.5117	-1301.0858	423.94394	8.574596e-06	80547.0972931385
en_ran_init_ant_1f_a2_200_25_400_eg_r1_a0_eps_005_0	285	4262.6665	1917.6	4262.6665	1917.6	2849999	1296.0486	1296.05	192.92212	-1295.908	438.99356	1.3886744e-05	80693.18274307251
en_ran_init_ant_1f_a2_200_25_400_eg_r1_a0_eps_005_0	286	3863.0	2662.2	3863.0	2662.2	2859999	1294.0846	1294.0848	192.19139	-1293.9664	409.9386	1.4347586e-05	80845.61703133583
en_ran_init_ant_1f_a2_200_25_400_eg_r1_a0_eps_005_0	287	2510.4	3759.8	2510.4	3759.8	2869999	1290.859	1290.856	191.32716	-1290.7058	450.93314	1.5826256e-05	80982.75646996498
en_ran_init_ant_1f_a2_200_25_400_eg_r1_a0_eps_005_0	288	1615.8334	3161.8	1615.8334	3161.8	2879999	1287.3634	1287.3624	188.3395	-1287.296	465.1206	1.42171575e-05	81112.14271759987
en_ran_init_ant_1f_a2_200_25_400_eg_r1_a0_eps_005_0	289	5000.0	3184.4	5000.0	3184.4	2889999	1286.8842	1286.8851	189.3834	-1286.8091	427.1188	1.1410567e-05	81238.98176336288
en_ran_init_ant_1f_a2_200_25_400_eg_r1_a0_eps_005_0	290	1478.1428	4366.6	1478.1428	4366.6	2899999	1285.615	1285.6171	187.78734	-1285.5391	449.7764	1.1071613e-05	81374.93943357468
en_ran_init_ant_1f_a2_200_25_400_eg_r1_a0_eps_005_0	291	4079.5	1595.2	4079.5	1595.2	2909999	1283.6709	1283.6711	190.73956	-1283.5067	409.8223	9.162863e-06	81491.23892617226
en_ran_init_ant_1f_a2_200_25_400_eg_r1_a0_eps_005_0	292	4395.0	2455.4	4395.0	2455.4	2919999	1278.7289	1278.7305	187.67166	-1278.6633	410.23093	1.6482405e-05	81614.31140446663
en_ran_init_ant_1f_a2_200_25_400_eg_r1_a0_eps_005_0	293	4744.5	2729.8	4744.5	2729.8	2929999	1276.0535	1276.0533	190.91333	-1275.9244	389.2704	9.9628005e-06	81738.9410662651
en_ran_init_ant_1f_a2_200_25_400_eg_r1_a0_eps_005_0	294	1400.75	1275.8	1400.75	1275.8	2939999	1277.0638	1277.0643	192.48926	-1276.969	400.396	1.48919835e-05	81852.6455488205
en_ran_init_ant_1f_a2_200_25_400_eg_r1_a0_eps_005_0	295	2323.2	2420.0	2323.2	2420.0	2949999	1276.1458	1276.1423	191.1847	-1275.9684	428.834	2.0786143e-05	81974.37116456032
en_ran_init_ant_1f_a2_200_25_400_eg_r1_a0_eps_005_0	296	1499.4	2719.8	1499.4	2719.8	2959999	1276.0826	1276.0846	191.84862	-1275.9989	438.7491	2.4693047e-05	82098.10097360611
en_ran_init_ant_1f_a2_200_25_400_eg_r1_a0_eps_005_0	297	3581.3333	2724.0	3581.3333	2724.0	2969999	1278.4158	1278.4154	197.19739	-1278.3625	451.5993	3.010326e-05	82216.15049338341
en_ran_init_ant_1f_a2_200_25_400_eg_r1_a0_eps_005_0	298	1110.7778	1292.2	1110.7778	1292.2	2979999	1278.7375	1278.7383	193.83572	-1278.5345	426.6368	5.8253907e-05	82308.69551801682
en_ran_init_ant_1f_a2_200_25_400_eg_r1_a0_eps_005_0	299	3857.3333	2619.8	3857.3333	2619.8	2989999	1273.7396	1273.7402	191.24107	-1273.5527	467.63	3.2992197e-05	82405.93361377716
en_ran_init_ant_1f_a2_200_25_400_eg_r1_a0_eps_005_0	300	3452.0	2199.4	3452.0	2199.4	2999999	1272.821	1272.8212	191.90524	-1272.7426	460.2065	2.947396e-05	82501.40851449966
