Experiment Name	Epoch	EpRet	TestEpRet	EpLen	TestEpLen	TotalEnvInteracts	Q1Vals	Q2Vals	LogPi	LossPi	LossQ	std	Time
ant_mop_r0_a1_1	1	0.0	0.0	82.19009	3012.0	9999	101.31338	101.32044	-3.8431864	-107.35839	113.787094	0.8864589	220.78008770942688
ant_mop_r0_a1_1	2	0.0	0.0	81.61789	4024.6	19999	323.8984	323.90027	-0.4702816	-334.46838	814.4447	0.823903	482.67082929611206
ant_mop_r0_a1_1	3	0.0	0.0	148.78688	5000.0	29999	521.51495	521.5139	-0.32999527	-529.98627	1764.2635	0.73081833	809.1055948734283
ant_mop_r0_a1_1	4	0.0	0.0	486.72726	5000.0	39999	504.18195	504.17996	-1.7101089	-509.7194	1203.9059	0.63315696	1147.5218858718872
ant_mop_r0_a1_1	5	0.0	0.0	598.94116	5000.0	49999	501.61243	501.60544	-2.154338	-506.5541	991.7377	0.62423587	1490.1424758434296
ant_mop_r0_a1_1	6	0.0	0.0	501.88235	5000.0	59999	507.00525	507.00293	-2.288471	-511.6748	930.4727	0.63708794	1839.758574962616
ant_mop_r0_a1_1	7	0.0	0.0	732.4667	5000.0	69999	520.9337	520.92883	-2.2693121	-525.4515	893.608	0.6453624	2184.1660916805267
ant_mop_r0_a1_1	8	0.0	0.0	783.61536	5000.0	79999	552.6355	552.6367	-2.3107536	-557.10645	902.7968	0.6520207	2530.215192556381
ant_mop_r0_a1_1	9	0.0	0.0	793.7778	5000.0	89999	591.7331	591.7355	-2.3141735	-596.0884	939.6735	0.6530401	2872.9133093357086
ant_mop_r0_a1_1	10	0.0	0.0	868.06665	5000.0	99999	628.5087	628.5119	-2.2804437	-632.82294	938.184	0.6595656	3210.4673171043396
ant_mop_r0_a1_1	11	0.0	0.0	988.7	5000.0	109999	668.1039	668.10706	-2.2143285	-672.40643	949.5266	0.6619957	3543.030421972275
ant_mop_r0_a1_1	12	0.0	0.0	1163.0	5000.0	119999	707.4675	707.4727	-2.266429	-711.6366	951.357	0.66476613	3880.6808054447174
ant_mop_r0_a1_1	13	0.0	0.0	1658.5	5000.0	129999	744.726	744.7292	-2.3034794	-748.7872	918.9926	0.6684597	4233.934010267258
ant_mop_r0_a1_1	14	0.0	0.0	3702.0	5000.0	139999	781.6968	781.70184	-2.3707478	-785.69977	924.7073	0.6681317	4573.238155841827
ant_mop_r0_a1_1	15	0.0	0.0	2316.25	5000.0	149999	821.5805	821.58325	-2.543639	-825.5465	847.0286	0.6751316	4913.04410982132
ant_mop_r0_a1_1	16	0.0	0.0	2020.5	5000.0	159999	863.117	863.12195	-2.6266844	-867.131	839.4446	0.6789381	5254.0630424022675
ant_mop_r0_a1_1	17	0.0	0.0	2262.6	5000.0	169999	904.4471	904.4515	-2.7282197	-908.4326	830.8803	0.680881	5592.550091981888
ant_mop_r0_a1_1	18	0.0	0.0	1873.5	5000.0	179999	940.9915	940.9933	-2.8275888	-944.9023	860.5709	0.68330276	5932.291829824448
ant_mop_r0_a1_1	19	0.0	0.0	982.1429	5000.0	189999	975.6717	975.67377	-2.8172946	-979.5308	943.1201	0.67985237	6271.8490035533905
ant_mop_r0_a1_1	20	0.0	0.0	1815.4286	5000.0	199999	1009.91296	1009.91724	-2.8277693	-1013.7646	963.732	0.6783456	6610.017880439758
ant_mop_r0_a1_1	21	0.0	0.0	5000.0	5000.0	209999	1044.5077	1044.511	-2.8274963	-1048.3662	1027.9712	0.67506355	6951.061359643936
ant_mop_r0_a1_1	22	0.0	0.0	2877.3333	5000.0	219999	1079.9622	1079.9644	-2.8673775	-1083.8348	986.9389	0.68079174	7289.835477113724
ant_mop_r0_a1_1	23	0.0	0.0	2367.0	5000.0	229999	1116.3552	1116.3584	-2.895203	-1120.2372	1018.447	0.68263566	7625.076087236404
ant_mop_r0_a1_1	24	0.0	0.0	2493.3333	5000.0	239999	1151.5288	1151.5306	-2.8807962	-1155.3934	1023.4553	0.68125415	7964.241128921509
ant_mop_r0_a1_1	25	0.0	0.0	2993.75	5000.0	249999	1185.7712	1185.7749	-2.943915	-1189.5883	1057.7856	0.68173623	8307.727579116821
ant_mop_r0_a1_1	26	0.0	0.0	1489.1428	5000.0	259999	1220.2301	1220.231	-2.934412	-1224.1033	1060.2299	0.68105215	8644.302354335785
ant_mop_r0_a1_1	27	0.0	0.0	5000.0	5000.0	269999	1254.1967	1254.2004	-2.8619	-1258.0298	1109.9943	0.67480755	8975.835584163666
ant_mop_r0_a1_1	28	0.0	0.0	3154.6667	5000.0	279999	1285.9944	1285.9966	-2.8840928	-1289.927	1130.7701	0.67786336	9311.189967870712
ant_mop_r0_a1_1	29	0.0	0.0	5000.0	5000.0	289999	1320.1652	1320.1681	-2.869084	-1324.0664	1142.6704	0.6820926	9652.154864549637
ant_mop_r0_a1_1	30	0.0	0.0	3204.6667	5000.0	299999	1355.2374	1355.2382	-2.891847	-1359.1399	1100.2701	0.68289405	9992.014063596725
ant_mop_r0_a1_1	31	0.0	0.0	5000.0	5000.0	309999	1388.3661	1388.3684	-2.8998632	-1392.1942	1138.3143	0.681516	10331.115091562271
ant_mop_r0_a1_1	32	0.0	0.0	3758.5	5000.0	319999	1417.0148	1417.0167	-2.8658528	-1420.9066	1199.7026	0.6784207	10669.439517259598
ant_mop_r0_a1_1	33	0.0	0.0	3380.5	5000.0	329999	1447.6652	1447.6652	-2.7753239	-1451.6	1189.3978	0.68173355	11006.289921998978
ant_mop_r0_a1_1	34	0.0	0.0	3617.5	5000.0	339999	1478.407	1478.4082	-2.819532	-1482.2898	1198.4193	0.67836374	11346.097965717316
ant_mop_r0_a1_1	35	0.0	0.0	2499.8	5000.0	349999	1504.9138	1504.9144	-2.8976207	-1508.729	1198.5276	0.6793629	11687.384006738663
ant_mop_r0_a1_1	36	0.0	0.0	3355.6667	5000.0	359999	1532.0673	1532.0697	-2.8103235	-1535.9674	1266.8884	0.6765905	12021.572001934052
ant_mop_r0_a1_1	37	0.0	0.0	3819.5	5000.0	369999	1558.9382	1558.9393	-2.92152	-1562.7408	1213.803	0.68222404	12351.953589439392
ant_mop_r0_a1_1	38	0.0	0.0	4518.0	5000.0	379999	1585.9896	1585.9901	-2.8661623	-1589.821	1246.255	0.6791444	12677.969621419907
ant_mop_r0_a1_1	39	0.0	0.0	3048.5	5000.0	389999	1611.5416	1611.5422	-2.901775	-1615.4084	1254.0194	0.6826023	13007.389521837234
ant_mop_r0_a1_1	40	0.0	0.0	5000.0	5000.0	399999	1637.2338	1637.2344	-2.941843	-1641.0505	1247.6744	0.6840536	13331.496250391006
ant_mop_r0_a1_1	41	0.0	0.0	2545.3333	5000.0	409999	1663.1145	1663.1147	-2.9287982	-1666.9683	1245.4591	0.6842133	13658.609056711197
ant_mop_r0_a1_1	42	0.0	0.0	3211.0	5000.0	419999	1686.553	1686.5548	-2.9126477	-1690.371	1313.7078	0.68321633	13985.825064897537
ant_mop_r0_a1_1	43	0.0	0.0	2735.0	5000.0	429999	1711.2594	1711.2593	-2.936005	-1715.0984	1197.794	0.6873634	14312.92711019516
ant_mop_r0_a1_1	44	0.0	0.0	4651.5	5000.0	439999	1735.6459	1735.649	-3.0827856	-1739.4	1248.7198	0.6897528	14637.125421762466
ant_mop_r0_a1_1	45	0.0	0.0	2342.0	5000.0	449999	1759.124	1759.123	-3.0486445	-1762.842	1222.6229	0.68914324	14964.239691734314
ant_mop_r0_a1_1	46	0.0	0.0	2670.75	5000.0	459999	1779.7607	1779.7626	-3.05519	-1783.5156	1286.6578	0.68750215	15290.214212179184
ant_mop_r0_a1_1	47	0.0	0.0	2046.8	5000.0	469999	1797.8333	1797.8363	-3.030027	-1801.526	1291.0992	0.69081557	15619.415937185287
ant_mop_r0_a1_1	48	0.0	0.0	2205.6667	5000.0	479999	1815.5577	1815.5585	-2.948317	-1819.2496	1364.3948	0.68212014	15943.61830163002
ant_mop_r0_a1_1	49	0.0	0.0	2935.5	5000.0	489999	1832.738	1832.7397	-2.9278045	-1836.4073	1353.0436	0.6823989	16269.90727353096
ant_mop_r0_a1_1	50	0.0	0.0	5000.0	5000.0	499999	1851.372	1851.3748	-3.0134346	-1855.0342	1331.6974	0.6843001	16592.494297742844
ant_mop_r0_a1_1	51	0.0	0.0	5000.0	5000.0	509999	1867.4205	1867.4227	-2.9778645	-1870.9946	1306.7487	0.6837476	16916.321417331696
ant_mop_r0_a1_1	52	0.0	0.0	3122.0	5000.0	519999	1886.143	1886.145	-3.0294838	-1889.778	1314.0529	0.68710315	17242.521727323532
ant_mop_r0_a1_1	53	0.0	0.0	5000.0	5000.0	529999	1903.4971	1903.4963	-3.033288	-1907.1613	1318.1173	0.6867528	17569.599400997162
ant_mop_r0_a1_1	54	0.0	0.0	5000.0	5000.0	539999	1921.5619	1921.5629	-3.0711412	-1925.2792	1325.5717	0.68557763	17894.447818756104
ant_mop_r0_a1_1	55	0.0	0.0	3455.5	5000.0	549999	1939.9088	1939.9084	-3.0439808	-1943.5323	1294.2491	0.6858703	18223.274748325348
ant_mop_r0_a1_1	56	0.0	0.0	1492.7142	5000.0	559999	1955.5973	1955.5999	-3.0791872	-1959.1658	1373.3123	0.68703777	18548.840484380722
ant_mop_r0_a1_1	57	0.0	0.0	3921.3333	5000.0	569999	1968.7972	1968.7976	-3.0805907	-1972.3715	1407.8347	0.6829612	18878.882380962372
ant_mop_r0_a1_1	58	0.0	0.0	5000.0	5000.0	579999	1982.1139	1982.114	-3.068504	-1985.6788	1343.0868	0.6821459	19200.437915802002
ant_mop_r0_a1_1	59	0.0	0.0	5000.0	5000.0	589999	1999.4912	1999.493	-3.0462294	-2003.1932	1323.7329	0.6888293	19521.450001478195
ant_mop_r0_a1_1	60	0.0	0.0	3011.5	5000.0	599999	2015.7762	2015.776	-3.1289632	-2019.3458	1363.9823	0.69160414	19846.332396507263
ant_mop_r0_a1_1	61	0.0	0.0	3210.0	5000.0	609999	2031.0198	2031.02	-3.0234392	-2034.704	1353.5449	0.68786687	20173.518202781677
ant_mop_r0_a1_1	62	0.0	0.0	3587.6667	5000.0	619999	2046.1893	2046.1897	-3.1553135	-2049.705	1319.7952	0.69237447	20504.92617082596
ant_mop_r0_a1_1	63	0.0	0.0	2314.3333	5000.0	629999	2061.8337	2061.8347	-3.189541	-2065.4297	1354.0208	0.6934314	20828.825152873993
ant_mop_r0_a1_1	64	0.0	0.0	3459.5	5000.0	639999	2077.9502	2077.9504	-3.1835775	-2081.5295	1334.5536	0.691028	21148.780457019806
ant_mop_r0_a1_1	65	0.0	0.0	3497.5	5000.0	649999	2093.4146	2093.4133	-3.159859	-2096.9165	1371.2622	0.68778807	21474.35851073265
ant_mop_r0_a1_1	66	0.0	0.0	5000.0	5000.0	659999	2106.1355	2106.1362	-3.2156405	-2109.6746	1364.6323	0.69177526	21798.946719169617
ant_mop_r0_a1_1	67	0.0	0.0	3022.0	5000.0	669999	2120.0337	2120.034	-3.1508174	-2123.5535	1389.4602	0.6925377	22123.9599711895
ant_mop_r0_a1_1	68	0.0	0.0	4207.0	5000.0	679999	2133.8206	2133.8174	-3.1161704	-2137.36	1372.0525	0.690921	22447.629353523254
ant_mop_r0_a1_1	69	0.0	0.0	4299.3335	5000.0	689999	2146.649	2146.65	-3.2620425	-2150.184	1389.6874	0.6920713	22778.19368171692
ant_mop_r0_a1_1	70	0.0	0.0	4652.0	5000.0	699999	2160.3389	2160.3381	-3.2136457	-2163.8293	1346.3452	0.69208455	23103.008147001266
ant_mop_r0_a1_1	71	0.0	0.0	4285.5	5000.0	709999	2172.65	2172.6497	-3.151976	-2176.1885	1421.777	0.69005305	23425.152611494064
ant_mop_r0_a1_1	72	0.0	0.0	5000.0	5000.0	719999	2183.7283	2183.727	-3.204704	-2187.2004	1444.5608	0.693097	23746.176243066788
ant_mop_r0_a1_1	73	0.0	0.0	5000.0	5000.0	729999	2196.0269	2196.026	-3.2284982	-2199.5295	1345.4238	0.696821	24074.498594999313
ant_mop_r0_a1_1	74	0.0	0.0	3172.6667	5000.0	739999	2209.8042	2209.803	-3.2114987	-2213.2559	1342.3861	0.69492364	24395.85612845421
ant_mop_r0_a1_1	75	0.0	0.0	5000.0	5000.0	749999	2221.4146	2221.4163	-3.1580045	-2224.9182	1454.0267	0.69021326	24720.67452645302
ant_mop_r0_a1_1	76	0.0	0.0	3473.3333	5000.0	759999	2232.1997	2232.1987	-3.1522648	-2235.6753	1437.4436	0.68533856	25041.98563194275
ant_mop_r0_a1_1	77	0.0	0.0	2911.3333	5000.0	769999	2242.2085	2242.2068	-3.1587427	-2245.682	1405.1436	0.68921286	25367.624857902527
ant_mop_r0_a1_1	78	0.0	0.0	4361.5	5000.0	779999	2249.9329	2249.9336	-3.1523037	-2253.3044	1449.7362	0.6880527	25694.769434690475
ant_mop_r0_a1_1	79	0.0	0.0	4588.0	5000.0	789999	2258.3875	2258.3875	-3.1286433	-2261.7925	1439.9573	0.68743145	26020.605221271515
ant_mop_r0_a1_1	80	0.0	0.0	3724.5	5000.0	799999	2270.4966	2270.497	-3.1947272	-2273.9888	1403.0354	0.6891793	26347.732818603516
ant_mop_r0_a1_1	81	0.0	0.0	3923.6667	5000.0	809999	2281.7188	2281.719	-3.2049582	-2285.129	1371.9592	0.6916179	26670.065522670746
ant_mop_r0_a1_1	82	0.0	0.0	3237.3333	5000.0	819999	2291.9607	2291.959	-3.1526968	-2295.4597	1476.9896	0.69035923	26991.390518188477
ant_mop_r0_a1_1	83	0.0	0.0	5000.0	5000.0	829999	2303.0444	2303.044	-3.174181	-2306.465	1383.7128	0.6940325	27316.64107275009
ant_mop_r0_a1_1	84	0.0	0.0	5000.0	5000.0	839999	2311.2183	2311.2175	-3.293735	-2314.594	1424.8857	0.69398993	27642.68055987358
ant_mop_r0_a1_1	85	0.0	0.0	5000.0	5000.0	849999	2318.751	2318.75	-3.2236233	-2322.2373	1445.8514	0.69587654	27968.61599469185
ant_mop_r0_a1_1	86	0.0	0.0	5000.0	5000.0	859999	2330.5325	2330.5337	-3.2643018	-2333.9055	1353.816	0.69474393	28292.101620435715
ant_mop_r0_a1_1	87	0.0	0.0	4615.5	5000.0	869999	2340.4285	2340.4268	-3.2265062	-2343.859	1399.6274	0.69312966	28612.93667602539
ant_mop_r0_a1_1	88	0.0	0.0	2446.25	5000.0	879999	2350.6853	2350.6843	-3.327845	-2354.0737	1335.3632	0.6996941	28939.792226314545
ant_mop_r0_a1_1	89	0.0	0.0	3260.5	5000.0	889999	2357.8054	2357.8047	-3.2484937	-2361.236	1382.1494	0.6898748	29264.695487976074
ant_mop_r0_a1_1	90	0.0	0.0	5000.0	5000.0	899999	2367.4673	2367.4678	-3.363474	-2370.872	1412.6012	0.69680035	29592.265877962112
ant_mop_r0_a1_1	91	0.0	0.0	4372.0	5000.0	909999	2374.9053	2374.9062	-3.319662	-2378.2476	1382.8889	0.697649	29910.762741804123
ant_mop_r0_a1_1	92	0.0	0.0	3380.3333	5000.0	919999	2383.4548	2383.4548	-3.1690753	-2386.9358	1491.0338	0.6921125	30229.714031934738
ant_mop_r0_a1_1	93	0.0	0.0	3111.0	5000.0	929999	2394.099	2394.1006	-3.265735	-2397.4543	1423.2677	0.6962068	30556.965540647507
ant_mop_r0_a1_1	94	0.0	0.0	4893.6665	5000.0	939999	2399.6116	2399.6113	-3.2730248	-2403.0745	1396.9176	0.6948741	30881.57660627365
ant_mop_r0_a1_1	95	0.0	0.0	2602.0	5000.0	949999	2408.4216	2408.421	-3.323659	-2411.7925	1452.5149	0.69870967	31209.601339817047
ant_mop_r0_a1_1	96	0.0	0.0	4678.0	5000.0	959999	2417.0115	2417.0076	-3.322315	-2420.4807	1396.879	0.6991865	31532.060354709625
ant_mop_r0_a1_1	97	0.0	0.0	2933.0	5000.0	969999	2426.6436	2426.644	-3.38593	-2429.986	1420.9034	0.7021302	31851.674957036972
ant_mop_r0_a1_1	98	0.0	0.0	5000.0	5000.0	979999	2432.7605	2432.7598	-3.3293293	-2436.0815	1477.6475	0.69762087	32170.047414064407
ant_mop_r0_a1_1	99	0.0	0.0	3580.5	5000.0	989999	2436.8992	2436.8992	-3.2830453	-2440.2988	1419.341	0.6969888	32490.597043275833
ant_mop_r0_a1_1	100	0.0	0.0	4555.0	5000.0	999999	2443.3	2443.2993	-3.352802	-2446.6306	1453.5042	0.6971276	32818.110476732254
ant_mop_r0_a1_1	101	0.0	0.0	5000.0	5000.0	1009999	2449.238	2449.2368	-3.3138034	-2452.4607	1354.2836	0.6947544	33144.41427183151
ant_mop_r0_a1_1	102	0.0	0.0	3418.6667	5000.0	1019999	2457.2007	2457.202	-3.4047816	-2460.1997	1208.1897	0.7035532	33468.30550408363
ant_mop_r0_a1_1	103	0.0	0.0	3428.3333	5000.0	1029999	2468.7544	2468.7568	-3.3906212	-2471.6245	1144.0844	0.702321	33793.22373890877
ant_mop_r0_a1_1	104	0.0	0.0	5000.0	5000.0	1039999	2481.6167	2481.618	-3.4787843	-2484.5083	1030.6384	0.70712286	34114.67332649231
ant_mop_r0_a1_1	105	0.0	0.0	3839.5	5000.0	1049999	2493.2544	2493.2551	-3.5304468	-2496.1	1006.1389	0.7063675	34438.20514512062
ant_mop_r0_a1_1	106	0.0	0.0	2693.3333	5000.0	1059999	2505.6418	2505.6404	-3.5587268	-2508.4336	999.7614	0.705629	34766.16406536102
ant_mop_r0_a1_1	107	0.0	0.0	2800.5	5000.0	1069999	2520.7869	2520.7861	-3.631312	-2523.6577	947.8354	0.714759	35088.05128502846
ant_mop_r0_a1_1	108	0.0	0.0	3353.3333	5000.0	1079999	2533.526	2533.526	-3.664	-2536.377	948.7239	0.7161892	35406.76888370514
ant_mop_r0_a1_1	109	0.0	0.0	2842.75	5000.0	1089999	2546.856	2546.8582	-3.6748893	-2549.7068	908.2745	0.71467394	35724.60758113861
ant_mop_r0_a1_1	110	0.0	0.0	2436.3333	5000.0	1099999	2559.1584	2559.158	-3.6629827	-2561.9749	934.6791	0.7132134	36044.84255075455
ant_mop_r0_a1_1	111	0.0	0.0	5000.0	5000.0	1109999	2573.5518	2573.5525	-3.6926277	-2576.4207	836.5795	0.71878624	36372.62581372261
ant_mop_r0_a1_1	112	0.0	0.0	4569.0	5000.0	1119999	2587.98	2587.9807	-3.845135	-2590.8323	891.7906	0.7237074	36702.5435461998
ant_mop_r0_a1_1	113	0.0	0.0	1733.3334	5000.0	1129999	2605.927	2605.9268	-3.8746233	-2608.8777	777.2576	0.7263255	37029.45856285095
ant_mop_r0_a1_1	114	0.0	0.0	4710.5	5000.0	1139999	2620.48	2620.48	-3.8213997	-2623.3591	865.6344	0.72473294	37363.21669149399
ant_mop_r0_a1_1	115	0.0	0.0	2670.0	5000.0	1149999	2633.7803	2633.78	-3.8233256	-2636.6409	917.8741	0.72955555	37694.12107992172
ant_mop_r0_a1_1	116	0.0	0.0	1722.5	5000.0	1159999	2647.0222	2647.0217	-3.8879192	-2649.9485	884.6739	0.72866595	38026.86356687546
ant_mop_r0_a1_1	117	0.0	0.0	1571.6666	5000.0	1169999	2659.6963	2659.6963	-3.969198	-2662.54	892.5452	0.732921	38358.36164021492
ant_mop_r0_a1_1	118	0.0	0.0	3369.0	5000.0	1179999	2672.8176	2672.817	-3.91338	-2675.6943	979.1582	0.72360516	38689.9070827961
ant_mop_r0_a1_1	119	0.0	0.0	1439.0	5000.0	1189999	2684.2178	2684.2173	-3.918659	-2687.048	936.5319	0.7306887	39022.23439049721
ant_mop_r0_a1_1	120	0.0	0.0	1089.7142	5000.0	1199999	2694.8223	2694.8237	-3.869451	-2697.6838	1026.3182	0.72826725	39355.80700492859
ant_mop_r0_a1_1	121	0.0	0.0	2463.75	5000.0	1209999	2705.0293	2705.029	-3.8561678	-2708.0017	961.5879	0.7250459	39700.895676374435
ant_mop_r0_a1_1	122	0.0	0.0	2424.4	5000.0	1219999	2713.3503	2713.3506	-3.758708	-2716.2449	1032.6741	0.7186299	40040.40939807892
ant_mop_r0_a1_1	123	0.0	0.0	2009.6	5000.0	1229999	2721.9165	2721.914	-3.8140602	-2724.8333	1072.4886	0.7210279	40376.76746249199
ant_mop_r0_a1_1	124	0.0	0.0	1640.2	5000.0	1239999	2729.708	2729.7107	-3.760159	-2732.6213	1042.0225	0.7215775	40710.30284357071
ant_mop_r0_a1_1	125	0.0	0.0	2024.3334	5000.0	1249999	2736.0498	2736.0515	-3.772462	-2738.922	1177.815	0.711647	41049.60764145851
ant_mop_r0_a1_1	126	0.0	0.0	2205.0	5000.0	1259999	2739.7883	2739.7874	-3.7923424	-2742.6477	1034.7949	0.71622396	41385.798204898834
ant_mop_r0_a1_1	127	0.0	0.0	1612.0	5000.0	1269999	2748.9675	2748.9668	-3.799655	-2751.9912	1089.9553	0.71835124	41715.73813557625
ant_mop_r0_a1_1	128	0.0	0.0	3636.0	5000.0	1279999	2757.1938	2757.193	-3.9029186	-2760.2163	956.6438	0.73041743	42053.65028214455
ant_mop_r0_a1_1	129	0.0	0.0	3173.6667	5000.0	1289999	2766.5825	2766.5825	-3.8537183	-2769.5415	1132.4526	0.72581804	42386.36200785637
ant_mop_r0_a1_1	130	0.0	0.0	1980.3334	5000.0	1299999	2773.0005	2772.999	-3.8199222	-2776.0598	1010.4376	0.7200548	42717.87244153023
ant_mop_r0_a1_1	131	0.0	0.0	1928.6	5000.0	1309999	2782.3022	2782.3022	-3.886289	-2785.3306	987.4336	0.7235993	43050.41940999031
ant_mop_r0_a1_1	132	0.0	0.0	1603.3334	5000.0	1319999	2787.342	2787.3413	-3.7815466	-2790.29	1203.523	0.7114363	43379.82625102997
ant_mop_r0_a1_1	133	0.0	0.0	3553.0	5000.0	1329999	2791.1191	2791.1204	-3.7922912	-2794.0784	1148.6132	0.7183637	43707.48054766655
ant_mop_r0_a1_1	134	0.0	0.0	4092.0	5000.0	1339999	2795.253	2795.2524	-3.7390428	-2798.3125	1170.0452	0.71112627	44041.112892866135
ant_mop_r0_a1_1	135	0.0	0.0	3879.5	5000.0	1349999	2802.572	2802.571	-3.764927	-2805.5852	1063.6731	0.7137273	44379.97151470184
ant_mop_r0_a1_1	136	0.0	0.0	2781.0	5000.0	1359999	2807.7913	2807.7913	-3.826893	-2810.837	1092.1693	0.7253522	44720.73562550545
ant_mop_r0_a1_1	137	0.0	0.0	4603.0	5000.0	1369999	2812.2737	2812.2751	-3.8645043	-2815.277	1148.416	0.71746105	45063.28149366379
ant_mop_r0_a1_1	138	0.0	0.0	2348.3333	5000.0	1379999	2817.6592	2817.6619	-3.8330467	-2820.6956	1128.4878	0.71772414	45406.206752061844
ant_mop_r0_a1_1	139	0.0	0.0	2585.0	5000.0	1389999	2821.519	2821.5164	-3.7992485	-2824.523	1139.6833	0.7174354	45755.40845680237
ant_mop_r0_a1_1	140	0.0	0.0	2344.25	5000.0	1399999	2826.2463	2826.2463	-3.6980305	-2829.3567	1181.5674	0.7140654	46100.79278945923
ant_mop_r0_a1_1	141	0.0	0.0	1523.8334	5000.0	1409999	2831.297	2831.295	-3.7806258	-2834.3103	1039.7112	0.7173425	46445.92338180542
ant_mop_r0_a1_1	142	0.0	0.0	4086.3333	5000.0	1419999	2833.0525	2833.0532	-3.719186	-2836.069	1187.8192	0.7089403	46786.8588514328
ant_mop_r0_a1_1	143	0.0	0.0	2555.5	5000.0	1429999	2834.8008	2834.8025	-3.8309493	-2837.744	1212.1378	0.71298176	47129.0567317009
ant_mop_r0_a1_1	144	0.0	0.0	1115.0	5000.0	1439999	2837.3972	2837.397	-3.837557	-2840.4373	1095.6696	0.7153365	47472.64824438095
ant_mop_r0_a1_1	145	0.0	0.0	3686.75	5000.0	1449999	2839.501	2839.5007	-3.7336452	-2842.4485	1252.4862	0.7074416	47813.5497918129
ant_mop_r0_a1_1	146	0.0	0.0	3909.0	5000.0	1459999	2837.6672	2837.667	-3.6604116	-2840.7256	1225.2646	0.7053536	48160.13817691803
ant_mop_r0_a1_1	147	0.0	0.0	1276.7778	5000.0	1469999	2838.5596	2838.5593	-3.8039682	-2841.5525	1160.7466	0.710396	48506.87124609947
ant_mop_r0_a1_1	148	0.0	0.0	1871.0	5000.0	1479999	2837.4578	2837.4587	-3.6197433	-2840.404	1305.5686	0.7036037	48855.80816745758
ant_mop_r0_a1_1	149	0.0	0.0	3254.3333	5000.0	1489999	2833.9114	2833.9114	-3.5738144	-2836.8992	1326.0969	0.697908	49203.73500037193
ant_mop_r0_a1_1	150	0.0	0.0	2618.75	5000.0	1499999	2832.9456	2832.9458	-3.7296944	-2835.8489	1202.7169	0.70427155	49556.28043580055
ant_mop_r0_a1_1	151	0.0	0.0	2258.3333	5000.0	1509999	2831.785	2831.785	-3.6657627	-2834.817	1288.4618	0.70266736	49906.44457960129
ant_mop_r0_a1_1	152	0.0	0.0	3359.3333	5000.0	1519999	2831.9834	2831.984	-3.6733582	-2835.026	1324.0616	0.70417166	50251.72285294533
ant_mop_r0_a1_1	153	0.0	0.0	4441.6665	5000.0	1529999	2832.745	2832.7454	-3.7391713	-2835.7407	1193.723	0.70406395	50606.69394850731
ant_mop_r0_a1_1	154	0.0	0.0	3011.3333	5000.0	1539999	2833.4392	2833.4385	-3.8122137	-2836.3862	1141.2793	0.71425235	50965.90453672409
ant_mop_r0_a1_1	155	0.0	0.0	3775.3333	5000.0	1549999	2831.4563	2831.455	-3.727557	-2834.3616	1262.6261	0.70326126	51327.79572248459
ant_mop_r0_a1_1	156	0.0	0.0	2052.25	5000.0	1559999	2830.03	2830.0315	-3.7179003	-2833.0435	1270.686	0.70776594	51686.25976276398
ant_mop_r0_a1_1	157	0.0	0.0	3378.3333	5000.0	1569999	2830.7708	2830.7712	-3.7345407	-2833.7197	1196.4962	0.7108416	52037.14660525322
ant_mop_r0_a1_1	158	0.0	0.0	2865.25	5000.0	1579999	2830.567	2830.5693	-3.777585	-2833.5945	1122.4951	0.70894533	52390.98728060722
ant_mop_r0_a1_1	159	0.0	0.0	3325.6667	5000.0	1589999	2829.9119	2829.912	-3.7353842	-2832.9285	1214.0474	0.7048399	52751.63408827782
ant_mop_r0_a1_1	160	0.0	0.0	2178.0	5000.0	1599999	2828.4338	2828.4353	-3.6809995	-2831.4075	1294.8059	0.70068234	53105.49608397484
ant_mop_r0_a1_1	161	0.0	0.0	3209.75	5000.0	1609999	2827.9265	2827.9275	-3.7341332	-2830.9272	1157.9984	0.7045063	53458.74630689621
ant_mop_r0_a1_1	162	0.0	0.0	3443.5	5000.0	1619999	2826.074	2826.074	-3.636076	-2829.077	1224.4047	0.7000769	53815.311885118484
ant_mop_r0_a1_1	163	0.0	0.0	3625.25	5000.0	1629999	2825.0134	2825.015	-3.7014942	-2828.0002	1152.0255	0.7058835	54171.87568259239
ant_mop_r0_a1_1	164	0.0	0.0	2929.3333	5000.0	1639999	2824.1597	2824.162	-3.7041512	-2827.133	1147.2823	0.7021089	54529.05785679817
ant_mop_r0_a1_1	165	0.0	0.0	5000.0	5000.0	1649999	2825.3079	2825.3105	-3.7986515	-2828.3215	1125.1564	0.7123069	54882.234481573105
ant_mop_r0_a1_1	166	0.0	0.0	2774.6667	5000.0	1659999	2824.8367	2824.834	-3.7651885	-2827.7993	1148.4226	0.7055781	55224.53808450699
ant_mop_r0_a1_1	167	0.0	0.0	4735.0	5000.0	1669999	2823.6794	2823.682	-3.6799438	-2826.692	1178.7888	0.70291996	55565.93514037132
ant_mop_r0_a1_1	168	0.0	0.0	2949.0	5000.0	1679999	2823.2053	2823.2078	-3.713808	-2826.2488	1216.585	0.70186013	55904.11020565033
ant_mop_r0_a1_1	169	0.0	0.0	2161.2	5000.0	1689999	2821.8083	2821.8088	-3.6473956	-2824.7915	1195.2968	0.6988023	56242.17010331154
ant_mop_r0_a1_1	170	0.0	0.0	2706.3333	5000.0	1699999	2819.029	2819.0286	-3.6432405	-2821.9968	1195.9735	0.69480467	56583.86080408096
ant_mop_r0_a1_1	171	0.0	0.0	3708.6667	5000.0	1709999	2818.711	2818.712	-3.5536945	-2821.8228	1233.5703	0.69063586	56923.26725292206
ant_mop_r0_a1_1	172	0.0	0.0	3322.0	5000.0	1719999	2820.0588	2820.06	-3.645402	-2823.119	1183.8654	0.6921286	57266.057399749756
ant_mop_r0_a1_1	173	0.0	0.0	4743.5	5000.0	1729999	2817.4148	2817.4138	-3.6379287	-2820.4229	1189.9395	0.69913507	57609.53721189499
ant_mop_r0_a1_1	174	0.0	0.0	2373.0	5000.0	1739999	2816.784	2816.784	-3.619698	-2819.844	1231.608	0.6982441	57950.17818927765
ant_mop_r0_a1_1	175	0.0	0.0	1951.25	5000.0	1749999	2813.9163	2813.9167	-3.594354	-2816.8865	1319.799	0.6863526	58289.200964689255
ant_mop_r0_a1_1	176	0.0	0.0	2686.4	5000.0	1759999	2812.6997	2812.698	-3.541471	-2815.7698	1196.5367	0.69179934	58625.22710967064
ant_mop_r0_a1_1	177	0.0	0.0	4470.0	5000.0	1769999	2812.913	2812.9146	-3.616039	-2815.9233	1111.2764	0.6978667	58967.103014707565
ant_mop_r0_a1_1	178	0.0	0.0	3545.6667	5000.0	1779999	2811.559	2811.5588	-3.6196902	-2814.5913	1267.1335	0.6925312	59313.2318854332
ant_mop_r0_a1_1	179	0.0	0.0	2889.0	5000.0	1789999	2809.9387	2809.9355	-3.6362443	-2812.9988	1206.2277	0.6960367	59652.72061944008
ant_mop_r0_a1_1	180	0.0	0.0	1708.8	5000.0	1799999	2806.5598	2806.5588	-3.565234	-2809.592	1313.6868	0.69160056	59993.0036315918
ant_mop_r0_a1_1	181	0.0	0.0	5000.0	5000.0	1809999	2804.1484	2804.1487	-3.4502423	-2807.1658	1342.4673	0.6829584	60334.79910826683
ant_mop_r0_a1_1	182	0.0	0.0	2616.5	5000.0	1819999	2800.458	2800.4587	-3.5364485	-2803.4324	1311.5723	0.68458176	60675.01745915413
ant_mop_r0_a1_1	183	0.0	0.0	5000.0	5000.0	1829999	2797.1675	2797.1675	-3.499298	-2800.1785	1312.4032	0.68765503	61016.14771151543
ant_mop_r0_a1_1	184	0.0	0.0	3141.3333	5000.0	1839999	2793.7646	2793.765	-3.5285916	-2796.7532	1210.928	0.68487835	61362.74073958397
ant_mop_r0_a1_1	185	0.0	0.0	4683.0	5000.0	1849999	2790.4956	2790.4963	-3.557346	-2793.4485	1298.5908	0.68851125	61712.84967637062
ant_mop_r0_a1_1	186	0.0	0.0	4890.0	5000.0	1859999	2785.6985	2785.6973	-3.4927301	-2788.7021	1425.8925	0.6860107	62068.219861745834
ant_mop_r0_a1_1	187	0.0	0.0	3700.6667	5000.0	1869999	2781.44	2781.439	-3.5224414	-2784.4436	1198.6792	0.6940039	62426.35462188721
ant_mop_r0_a1_1	188	0.0	0.0	3404.0	5000.0	1879999	2780.6038	2780.6028	-3.552282	-2783.5537	1189.1248	0.6905889	62782.12583065033
ant_mop_r0_a1_1	189	0.0	0.0	5000.0	5000.0	1889999	2781.4321	2781.4312	-3.605822	-2784.4011	1104.6611	0.69403934	63132.95702457428
ant_mop_r0_a1_1	190	0.0	0.0	5000.0	5000.0	1899999	2780.8914	2780.8938	-3.5682206	-2783.9216	1111.9082	0.69266737	63483.58089852333
ant_mop_r0_a1_1	191	0.0	0.0	3333.5	5000.0	1909999	2779.23	2779.2288	-3.5076625	-2782.265	1245.3076	0.6903616	63831.254299879074
ant_mop_r0_a1_1	192	0.0	0.0	3513.3333	5000.0	1919999	2779.6309	2779.6304	-3.5258121	-2782.7014	1134.8112	0.69248974	64178.58476281166
ant_mop_r0_a1_1	193	0.0	0.0	3079.6667	5000.0	1929999	2779.8967	2779.899	-3.605774	-2782.8943	1145.627	0.698424	64524.48149752617
ant_mop_r0_a1_1	194	0.0	0.0	3580.0	5000.0	1939999	2781.5828	2781.583	-3.5579967	-2784.6555	1104.5009	0.6944382	64868.73337507248
ant_mop_r0_a1_1	195	0.0	0.0	4295.3335	5000.0	1949999	2781.7004	2781.699	-3.5036943	-2784.7732	1133.5428	0.68956685	65207.78414225578
ant_mop_r0_a1_1	196	0.0	0.0	3766.0	5000.0	1959999	2783.12	2783.12	-3.4692075	-2786.239	1156.1256	0.6905732	65545.87357330322
ant_mop_r0_a1_1	197	0.0	0.0	2379.0	5000.0	1969999	2786.1042	2786.104	-3.582311	-2789.1753	1041.0056	0.69409376	65886.40490698814
ant_mop_r0_a1_1	198	0.0	0.0	4918.5	5000.0	1979999	2787.7422	2787.7427	-3.5279465	-2790.7864	1059.0204	0.692508	66221.81675505638
ant_mop_r0_a1_1	199	0.0	0.0	3641.0	5000.0	1989999	2788.5867	2788.5862	-3.5008268	-2791.645	1128.6208	0.68833834	66560.7090203762
ant_mop_r0_a1_1	200	0.0	0.0	5000.0	5000.0	1999999	2788.6064	2788.6067	-3.512104	-2791.622	1052.2963	0.6878853	66894.68653440475
ant_mop_r0_a1_1	201	0.0	0.0	3519.3333	5000.0	2009999	2788.6528	2788.6536	-3.4840932	-2791.799	987.5348	0.6875161	67222.27776241302
ant_mop_r0_a1_1	202	0.0	0.0	1348.8334	5000.0	2019999	2788.7825	2788.7834	-3.4265854	-2791.7744	1088.08	0.6839514	67557.176902771
ant_mop_r0_a1_1	203	0.0	0.0	4509.0	5000.0	2029999	2787.4265	2787.4275	-3.4037795	-2790.4272	1082.2563	0.6861407	67898.40127658844
ant_mop_r0_a1_1	204	0.0	0.0	5000.0	5000.0	2039999	2786.2988	2786.2976	-3.3583374	-2789.33	1120.2816	0.68562263	68245.72419404984
ant_mop_r0_a1_1	205	0.0	0.0	4813.0	5000.0	2049999	2785.1157	2785.1152	-3.4125595	-2788.1157	1036.6516	0.6850514	68598.71111297607
ant_mop_r0_a1_1	206	0.0	0.0	3957.0	5000.0	2059999	2784.7397	2784.739	-3.4290953	-2787.7441	1111.4587	0.68450695	68957.09447741508
ant_mop_r0_a1_1	207	0.0	0.0	5000.0	5000.0	2069999	2782.1873	2782.1887	-3.392358	-2785.208	1153.9834	0.6774265	69314.4067595005
ant_mop_r0_a1_1	208	0.0	0.0	3362.0	5000.0	2079999	2781.4446	2781.4456	-3.3647058	-2784.5728	1055.5208	0.6834008	69666.53782844543
ant_mop_r0_a1_1	209	0.0	0.0	3812.3333	5000.0	2089999	2782.931	2782.9307	-3.4854774	-2785.9775	997.7952	0.6894892	70022.30504775047
ant_mop_r0_a1_1	210	0.0	0.0	5000.0	5000.0	2099999	2781.603	2781.6045	-3.406458	-2784.7065	1096.8198	0.68704456	70373.0986084938
ant_mop_r0_a1_1	211	0.0	0.0	3460.6667	5000.0	2109999	2784.5796	2784.5781	-3.456955	-2787.775	998.7236	0.6949166	70728.77122020721
ant_mop_r0_a1_1	212	0.0	0.0	5000.0	5000.0	2119999	2787.4587	2787.4583	-3.4854813	-2790.614	932.7252	0.6914658	71080.40056014061
ant_mop_r0_a1_1	213	0.0	0.0	3508.5	5000.0	2129999	2788.2185	2788.2183	-3.4355047	-2791.2742	944.1526	0.6851176	71434.30890130997
ant_mop_r0_a1_1	214	0.0	0.0	3904.3333	5000.0	2139999	2789.1006	2789.1008	-3.4546928	-2792.1096	914.9458	0.6873678	71785.88769006729
ant_mop_r0_a1_1	215	0.0	0.0	3612.3333	5000.0	2149999	2788.5967	2788.5964	-3.458189	-2791.6184	1047.0546	0.6847386	72135.01587557793
ant_mop_r0_a1_1	216	0.0	0.0	3515.3333	5000.0	2159999	2788.8079	2788.8066	-3.3355134	-2791.8696	936.8279	0.6789206	72477.50443220139
ant_mop_r0_a1_1	217	0.0	0.0	3157.0	5000.0	2169999	2787.0718	2787.0723	-3.3216953	-2790.033	1070.9495	0.67681724	72818.60066819191
ant_mop_r0_a1_1	218	0.0	0.0	5000.0	5000.0	2179999	2785.8857	2785.8843	-3.2273493	-2788.9824	1072.0116	0.6749332	73162.82584500313
ant_mop_r0_a1_1	219	0.0	0.0	4887.0	5000.0	2189999	2787.178	2787.1782	-3.365876	-2790.2349	917.2213	0.6775214	73508.30809950829
ant_mop_r0_a1_1	220	0.0	0.0	2604.5	5000.0	2199999	2789.5103	2789.51	-3.4599254	-2792.5388	874.1711	0.68540055	73844.60378718376
ant_mop_r0_a1_1	221	0.0	0.0	5000.0	5000.0	2209999	2790.5813	2790.5823	-3.3547037	-2793.6165	947.4513	0.6754457	74178.32454228401
ant_mop_r0_a1_1	222	0.0	0.0	5000.0	5000.0	2219999	2791.6377	2791.6382	-3.3989875	-2794.6887	864.7611	0.6818388	74509.78668689728
ant_mop_r0_a1_1	223	0.0	0.0	5000.0	5000.0	2229999	2793.6323	2793.6323	-3.4563851	-2796.6497	869.716	0.6888341	74843.72585296631
ant_mop_r0_a1_1	224	0.0	0.0	3870.0	5000.0	2239999	2795.5603	2795.5586	-3.4697292	-2798.5945	774.22894	0.6869267	75179.00561618805
ant_mop_r0_a1_1	225	0.0	0.0	3929.5	5000.0	2249999	2797.0315	2797.0305	-3.5140185	-2799.9329	779.9309	0.6894671	75510.55494356155
ant_mop_r0_a1_1	226	0.0	0.0	3556.5	5000.0	2259999	2796.643	2796.6423	-3.3843577	-2799.6123	956.9772	0.6814104	75839.3102710247
ant_mop_r0_a1_1	227	0.0	0.0	5000.0	5000.0	2269999	2796.5698	2796.5708	-3.4586666	-2799.4497	798.51697	0.68272567	76173.99210453033
ant_mop_r0_a1_1	228	0.0	0.0	4438.5	5000.0	2279999	2796.956	2796.9556	-3.3806846	-2799.9065	842.4675	0.6738772	76503.68156170845
ant_mop_r0_a1_1	229	0.0	0.0	3442.6667	5000.0	2289999	2798.0315	2798.0298	-3.52751	-2800.9907	852.9871	0.692008	76834.21309566498
ant_mop_r0_a1_1	230	0.0	0.0	5000.0	5000.0	2299999	2799.2893	2799.29	-3.4362302	-2802.2812	873.9973	0.6808703	77181.36850667
ant_mop_r0_a1_1	231	0.0	0.0	5000.0	5000.0	2309999	2801.4612	2801.4604	-3.443478	-2804.4517	840.3528	0.68221897	77544.44421815872
ant_mop_r0_a1_1	232	0.0	0.0	4003.5	5000.0	2319999	2803.9949	2803.994	-3.5031435	-2806.938	772.1036	0.68771875	77907.48416638374
ant_mop_r0_a1_1	233	0.0	0.0	5000.0	5000.0	2329999	2806.1843	2806.1833	-3.558964	-2809.0728	648.238	0.6857042	78265.13260245323
ant_mop_r0_a1_1	234	0.0	0.0	4111.3335	5000.0	2339999	2808.1375	2808.1367	-3.5911205	-2811.1096	680.5246	0.6909038	78619.76926589012
ant_mop_r0_a1_1	235	0.0	0.0	3416.5	5000.0	2349999	2811.8777	2811.8794	-3.6125007	-2814.8127	713.2917	0.6945381	78980.71473741531
ant_mop_r0_a1_1	236	0.0	0.0	3482.3333	5000.0	2359999	2815.2085	2815.207	-3.482258	-2818.238	674.0458	0.6890949	79343.32513284683
ant_mop_r0_a1_1	237	0.0	0.0	5000.0	5000.0	2369999	2816.9175	2816.9182	-3.5464756	-2819.8694	769.0685	0.6893258	79683.90478873253
ant_mop_r0_a1_1	238	0.0	0.0	3436.6667	5000.0	2379999	2819.351	2819.3494	-3.621258	-2822.2637	672.1672	0.69665027	80027.42954182625
ant_mop_r0_a1_1	239	0.0	0.0	3110.75	5000.0	2389999	2822.9236	2822.9246	-3.5386868	-2825.885	770.5881	0.6903484	80369.98706459999
ant_mop_r0_a1_1	240	0.0	0.0	5000.0	5000.0	2399999	2823.3804	2823.3801	-3.4178593	-2826.3235	770.7483	0.68169117	80714.86773610115
ant_mop_r0_a1_1	241	0.0	0.0	5000.0	5000.0	2409999	2823.982	2823.979	-3.5492842	-2826.8533	678.7075	0.6962124	81059.50940513611
ant_mop_r0_a1_1	242	0.0	0.0	5000.0	5000.0	2419999	2824.8152	2824.8164	-3.518502	-2827.754	673.0102	0.68298656	81401.59318828583
ant_mop_r0_a1_1	243	0.0	0.0	3534.6667	5000.0	2429999	2826.1162	2826.1152	-3.4878757	-2829.0051	641.7913	0.6835397	81746.51194357872
ant_mop_r0_a1_1	244	0.0	0.0	3972.0	5000.0	2439999	2828.0552	2828.0557	-3.5794635	-2830.9204	627.6704	0.69025105	82092.56739807129
ant_mop_r0_a1_1	245	0.0	0.0	3724.0	5000.0	2449999	2832.9214	2832.9224	-3.5238726	-2835.8557	663.4398	0.6912633	82438.89563274384
ant_mop_r0_a1_1	246	0.0	0.0	3802.0	5000.0	2459999	2836.3257	2836.3247	-3.6016724	-2839.2036	655.1307	0.69272834	82776.15738511086
ant_mop_r0_a1_1	247	0.0	0.0	5000.0	5000.0	2469999	2838.5193	2838.5208	-3.6394272	-2841.3855	600.5272	0.6994838	83107.97346878052
ant_mop_r0_a1_1	248	0.0	0.0	3882.6667	5000.0	2479999	2840.7717	2840.7712	-3.6162333	-2843.7776	667.7435	0.6956593	83392.88492870331
ant_mop_r0_a1_1	249	0.0	0.0	3468.6667	5000.0	2489999	2844.7021	2844.7024	-3.725922	-2847.5	605.6007	0.70582867	83642.20172595978
ant_mop_r0_a1_1	250	0.0	0.0	5000.0	5000.0	2499999	2848.4426	2848.4414	-3.7272336	-2851.2983	571.8101	0.70678663	83890.59144449234
ant_mop_r0_a1_1	251	0.0	0.0	2840.0	5000.0	2509999	2852.5232	2852.5222	-3.6436653	-2855.335	702.1584	0.6980271	84148.77875757217
ant_mop_r0_a1_1	252	0.0	0.0	3272.3333	5000.0	2519999	2855.0342	2855.0337	-3.5866797	-2857.93	648.4783	0.6951258	84407.14513707161
ant_mop_r0_a1_1	253	0.0	0.0	1807.25	5000.0	2529999	2859.3904	2859.3926	-3.6207716	-2862.265	622.5085	0.69830227	84664.54143762589
ant_mop_r0_a1_1	254	0.0	0.0	2862.75	5000.0	2539999	2862.4324	2862.4307	-3.62857	-2865.318	678.5905	0.69326633	84925.38666033745
ant_mop_r0_a1_1	255	0.0	0.0	2380.0	5000.0	2549999	2865.926	2865.9285	-3.5662265	-2868.8577	697.37	0.6954541	85188.7894282341
ant_mop_r0_a1_1	256	0.0	0.0	3813.0	5000.0	2559999	2870.2415	2870.2405	-3.4008732	-2873.1948	724.3704	0.68714213	85449.86697149277
ant_mop_r0_a1_1	257	0.0	0.0	3710.0	5000.0	2569999	2871.8513	2871.8513	-3.4033408	-2874.7656	758.6459	0.68450093	85708.08089113235
ant_mop_r0_a1_1	258	0.0	0.0	5000.0	5000.0	2579999	2873.9556	2873.9565	-3.5547128	-2876.8523	732.0478	0.6920321	85970.54511809349
ant_mop_r0_a1_1	259	0.0	0.0	5000.0	5000.0	2589999	2875.9832	2875.984	-3.494099	-2878.8652	773.1149	0.68732375	86228.20312523842
ant_mop_r0_a1_1	260	0.0	0.0	5000.0	5000.0	2599999	2877.0361	2877.0352	-3.485683	-2879.9363	634.1148	0.68817276	86447.27957892418
ant_mop_r0_a1_1	261	0.0	0.0	5000.0	5000.0	2609999	2878.9417	2878.9414	-3.6256576	-2881.884	612.267	0.69305205	86629.586414814
ant_mop_r0_a1_1	262	0.0	0.0	3220.6667	5000.0	2619999	2881.7668	2881.769	-3.6413772	-2884.6565	596.8176	0.6962611	86808.0261824131
ant_mop_r0_a1_1	263	0.0	0.0	3964.0	5000.0	2629999	2883.69	2883.689	-3.7002265	-2886.5513	600.2215	0.69717723	86984.8609881401
ant_mop_r0_a1_1	264	0.0	0.0	3887.0	5000.0	2639999	2885.9336	2885.9329	-3.6723669	-2888.797	563.9899	0.6987057	87143.3039650917
ant_mop_r0_a1_1	265	0.0	0.0	2253.0	5000.0	2649999	2889.2932	2889.2954	-3.6965559	-2892.2092	573.14014	0.70245296	87282.99677228928
ant_mop_r0_a1_1	266	0.0	0.0	1972.2	5000.0	2659999	2893.241	2893.2415	-3.8448985	-2896.1428	535.2987	0.7128925	87423.50891470909
ant_mop_r0_a1_1	267	0.0	0.0	5000.0	5000.0	2669999	2895.0947	2895.0947	-3.6195297	-2897.8877	650.7247	0.69417256	87564.3514726162
ant_mop_r0_a1_1	268	0.0	0.0	5000.0	5000.0	2679999	2893.2646	2893.2654	-3.5742004	-2896.1404	678.7249	0.6899448	87705.29036164284
ant_mop_r0_a1_1	269	0.0	0.0	5000.0	5000.0	2689999	2893.8142	2893.8152	-3.6233857	-2896.714	573.2892	0.69056624	87845.42750287056
ant_mop_r0_a1_1	270	0.0	0.0	5000.0	5000.0	2699999	2894.2886	2894.2869	-3.6806796	-2897.1414	633.26483	0.6948894	87986.00474619865
ant_mop_r0_a1_1	271	0.0	0.0	5000.0	5000.0	2709999	2894.6243	2894.6245	-3.6535075	-2897.428	540.3012	0.69552547	88126.22836661339
ant_mop_r0_a1_1	272	0.0	0.0	5000.0	5000.0	2719999	2894.3525	2894.352	-3.6173682	-2897.188	573.4168	0.69871414	88267.32263302803
ant_mop_r0_a1_1	273	0.0	0.0	3608.0	5000.0	2729999	2895.7341	2895.7346	-3.6621313	-2898.6997	605.7706	0.69708514	88408.0309779644
ant_mop_r0_a1_1	274	0.0	0.0	4692.5	5000.0	2739999	2897.8691	2897.8691	-3.637709	-2900.7827	619.2405	0.6957968	88549.62484526634
ant_mop_r0_a1_1	275	0.0	0.0	2681.25	5000.0	2749999	2899.7842	2899.785	-3.7702296	-2902.7036	502.7315	0.70123035	88690.40893602371
ant_mop_r0_a1_1	276	0.0	0.0	5000.0	5000.0	2759999	2900.6536	2900.652	-3.745343	-2903.518	526.7073	0.69801927	88807.19844818115
ant_mop_r0_a1_1	277	0.0	0.0	5000.0	5000.0	2769999	2902.3845	2902.3855	-3.6922562	-2905.2532	598.47595	0.69857293	88918.738976717
ant_mop_r0_a1_1	278	0.0	0.0	2463.25	5000.0	2779999	2904.082	2904.0828	-3.7614057	-2906.9512	509.17636	0.69932526	89029.39159679413
ant_mop_r0_a1_1	279	0.0	0.0	4507.5	5000.0	2789999	2904.8652	2904.8645	-3.7019236	-2907.6685	610.15656	0.6955982	89140.24505925179
ant_mop_r0_a1_1	280	0.0	0.0	5000.0	5000.0	2799999	2903.44	2903.4395	-3.6453986	-2906.2659	599.2466	0.6888529	89250.98009467125
ant_mop_r0_a1_1	281	0.0	0.0	2760.0	5000.0	2809999	2903.6128	2903.6128	-3.7567227	-2906.468	464.4559	0.7015821	89361.34266471863
ant_mop_r0_a1_1	282	0.0	0.0	3281.75	5000.0	2819999	2906.139	2906.139	-3.7969673	-2908.949	456.8882	0.7044671	89471.66188144684
ant_mop_r0_a1_1	283	0.0	0.0	1940.0	5000.0	2829999	2905.5552	2905.5544	-3.7095428	-2908.3467	556.57837	0.6996942	89581.81803655624
ant_mop_r0_a1_1	284	0.0	0.0	3420.6667	5000.0	2839999	2906.902	2906.901	-3.8265772	-2909.754	560.4973	0.7051294	89692.8105044365
ant_mop_r0_a1_1	285	0.0	0.0	5000.0	5000.0	2849999	2906.811	2906.811	-3.706238	-2909.6052	596.4369	0.6969649	89803.25029945374
ant_mop_r0_a1_1	286	0.0	0.0	3480.25	5000.0	2859999	2906.2537	2906.2544	-3.651386	-2909.0647	593.4127	0.6993985	89913.99087023735
ant_mop_r0_a1_1	287	0.0	0.0	4051.0	5000.0	2869999	2908.7368	2908.737	-3.715264	-2911.611	531.20514	0.6984037	90024.43891191483
ant_mop_r0_a1_1	288	0.0	0.0	5000.0	5000.0	2879999	2907.7874	2907.787	-3.6395695	-2910.5305	575.7522	0.6958413	90135.13457942009
ant_mop_r0_a1_1	289	0.0	0.0	5000.0	5000.0	2889999	2907.355	2907.356	-3.6412146	-2910.2075	568.65204	0.6967284	90245.6133878231
ant_mop_r0_a1_1	290	0.0	0.0	3682.3333	5000.0	2899999	2908.2356	2908.2336	-3.7216475	-2911.0984	570.65	0.69826543	90355.9903857708
ant_mop_r0_a1_1	291	0.0	0.0	5000.0	5000.0	2909999	2907.1335	2907.1328	-3.7151184	-2909.9832	479.441	0.6990686	90466.55413651466
ant_mop_r0_a1_1	292	0.0	0.0	5000.0	5000.0	2919999	2907.3306	2907.3325	-3.7728326	-2910.183	518.3061	0.70519674	90577.34114408493
ant_mop_r0_a1_1	293	0.0	0.0	3343.3333	5000.0	2929999	2908.9219	2908.921	-3.8608775	-2911.7842	466.6937	0.7103143	90687.89520335197
ant_mop_r0_a1_1	294	0.0	0.0	2211.5	5000.0	2939999	2910.343	2910.3435	-3.8131971	-2913.2063	519.3993	0.7031484	90798.28715515137
ant_mop_r0_a1_1	295	0.0	0.0	2923.6667	5000.0	2949999	2909.7593	2909.7585	-3.728761	-2912.6282	526.0942	0.69825315	90908.98390126228
ant_mop_r0_a1_1	296	0.0	0.0	5000.0	5000.0	2959999	2909.6985	2909.6995	-3.7335348	-2912.5205	459.21204	0.6979291	91019.96917915344
ant_mop_r0_a1_1	297	0.0	0.0	5000.0	5000.0	2969999	2909.727	2909.7268	-3.691228	-2912.5664	511.8562	0.6951946	91130.49704170227
ant_mop_r0_a1_1	298	0.0	0.0	3510.6667	5000.0	2979999	2908.0427	2908.042	-3.6990554	-2910.8823	470.8009	0.6959606	91241.38683319092
ant_mop_r0_a1_1	299	0.0	0.0	2666.25	5000.0	2989999	2908.3218	2908.3218	-3.7360566	-2911.1523	448.5203	0.69819784	91352.1427538395
ant_mop_r0_a1_1	300	0.0	0.0	2835.75	5000.0	2999999	2904.7444	2904.7446	-3.5969224	-2907.5308	544.5073	0.68824244	91442.322234869
