1001.0
1001.0
1001.0
1001.0
784.0
1001.0
1001.0
1001.0
1001.0
1001.0
1001.0
1001.0
499.0
723.0
1001.0
1001.0
232.0
313.0
1001.0
1001.0
196.0
419.0
505.0
1001.0
413.0
475.0
1001.0
1001.0
1001.0
1001.0
1001.0
1001.0
323.0
1001.0
1001.0
1001.0
1001.0
1001.0
1001.0
1001.0
971.0
1001.0
1001.0
1001.0
296.0
365.0
1001.0
1001.0
478.0
1001.0
929.0
1001.0
358.0
1001.0
1001.0
1001.0
1001.0
1001.0
1001.0
1001.0
259.0
1001.0
1001.0
1001.0
1001.0
1001.0
1001.0
1001.0
100.0
1001.0
1001.0
1001.0
832.0
780.0
555.0
1001.0
305.0
1001.0
783.0
1001.0
469.0
246.0
247.0
1001.0
294.0
1001.0
1001.0
1001.0
100.0
1001.0
1001.0
1001.0
100.0
1001.0
1001.0
1001.0
557.0
695.0
1001.0
1001.0
689.0
1001.0
1001.0
1001.0
100.0
1001.0
1001.0
1001.0
153.0
1001.0
200.0
1001.0
1001.0
1001.0
1001.0
1001.0
1001.0
1001.0
1001.0
1001.0
149.0
1001.0
1001.0
1001.0
588.0
1001.0
1001.0
1001.0
195.0
921.0
789.0
1001.0
145.0
612.0
940.0
1001.0
146.0
489.0
175.0
1001.0
617.0
1001.0
1001.0
1001.0
657.0
1001.0
1001.0
1001.0
1001.0
1001.0
1001.0
1001.0
792.0
135.0
1001.0
1001.0
100.0
894.0
1001.0
1001.0
100.0
466.0
1001.0
1001.0
219.0
623.0
894.0
1001.0
1001.0
1001.0
1001.0
1001.0
654.0
1001.0
1001.0
1001.0
1001.0
1001.0
1001.0
1001.0
1001.0
1001.0
1001.0
1001.0
1001.0
1001.0
130.0
1001.0
1001.0
1001.0
1001.0
1001.0
690.0
744.0
1001.0
1001.0
1001.0
1001.0
1001.0
1001.0
194.0
1001.0
1001.0
1001.0
100.0
1001.0
1001.0
1001.0
100.0
1001.0
1001.0
1001.0
100.0
602.0
268.0
1001.0
237.0
627.0
1001.0
1001.0
355.0
403.0
348.0
1001.0
1001.0
1001.0
1001.0
1001.0
1001.0
1001.0
1001.0
1001.0
548.0
1001.0
1001.0
1001.0
779.0
487.0
1001.0
1001.0
414.0
123.0
1001.0
1001.0
459.0
251.0
492.0
1001.0
100.0
781.0
343.0
1001.0
100.0
1001.0
1001.0
1001.0
1001.0
1001.0
1001.0
1001.0
1001.0
1001.0
1001.0
1001.0
400.0
1001.0
1001.0
1001.0
1001.0
1001.0
872.0
1001.0
261.0
182.0
1001.0
1001.0
1001.0
363.0
1001.0
1001.0
610.0
1001.0
1001.0
1001.0
698.0
1001.0
1001.0
1001.0
1001.0
1001.0
1001.0
1001.0
837.0
1001.0
1001.0
1001.0
854.0
100.0
1001.0
1001.0
857.0
303.0
288.0
1001.0
692.0
1001.0
368.0
1001.0
999.0
1001.0
1001.0
1001.0
1001.0
1001.0
1001.0
1001.0
1001.0
1001.0
1001.0
1001.0
1001.0
1001.0
1001.0
1001.0
100.0
1001.0
1001.0
1001.0
146.0
263.0
976.0
1001.0
100.0
134.0
557.0
1001.0
1001.0
1001.0
1001.0
1001.0
1001.0
1001.0
1001.0
1001.0
243.0
1001.0
1001.0
1001.0
374.0
233.0
1001.0
1001.0
595.0
1001.0
1001.0
1001.0
319.0
993.0
1001.0
1001.0
100.0
1001.0
100.0
1001.0
1001.0
1001.0
1001.0
1001.0
199.0
1001.0
1001.0
1001.0
322.0
1001.0
1001.0
1001.0
100.0
594.0
1001.0
1001.0
397.0
804.0
1001.0
1001.0
1001.0
567.0
1001.0
1001.0
259.0
432.0
425.0
1001.0
1001.0
1001.0
1001.0
1001.0
1001.0
1001.0
1001.0
1001.0
1001.0
1001.0
1001.0
1001.0
1001.0
986.0
1001.0
1001.0
1001.0
1001.0
1001.0
1001.0
803.0
1001.0
1001.0
1001.0
549.0
1001.0
609.0
1001.0
1001.0
1001.0
1001.0
1001.0
1001.0
1001.0
1001.0
1001.0
237.0
1001.0
1001.0
1001.0
100.0
753.0
1001.0
1001.0
100.0
1001.0
1001.0
1001.0
269.0
1001.0
1001.0
1001.0
198.0
1001.0
547.0
1001.0
1001.0
1001.0
1001.0
1001.0
396.0
1001.0
1001.0
1001.0
517.0
1001.0
1001.0
1001.0
541.0
1001.0
1001.0
1001.0
594.0
1001.0
303.0
1001.0
357.0
211.0
864.0
1001.0
618.0
1001.0
1001.0
1001.0
1001.0
1001.0
1001.0
1001.0
929.0
1001.0
1001.0
1001.0
759.0
1001.0
1001.0
1001.0
906.0
362.0
1001.0
1001.0
925.0
1001.0
1001.0
1001.0
405.0
408.0
1001.0
1001.0
100.0
100.0
141.0
1001.0
616.0
1001.0
1001.0
1001.0
196.0
1001.0
1001.0
1001.0
321.0
1001.0
1001.0
1001.0
255.0
1001.0
1001.0
1001.0
100.0
1001.0
1001.0
1001.0
392.0
1001.0
568.0
1001.0
245.0
1001.0
1001.0
1001.0
1001.0
1001.0
1001.0
1001.0
1001.0
1001.0
1001.0
1001.0
543.0
1001.0
1001.0
1001.0
1001.0
1001.0
1001.0
1001.0
387.0
394.0
1001.0
1001.0
195.0
218.0
1001.0
1001.0
100.0
1001.0
1001.0
1001.0
1001.0
1001.0
1001.0
1001.0
1001.0
1001.0
1001.0
1001.0
641.0
1001.0
1001.0
1001.0
100.0
1001.0
1001.0
1001.0
100.0
292.0
1001.0
1001.0
100.0
1001.0
666.0
1001.0
405.0
723.0
307.0
1001.0
722.0
1001.0
1001.0
1001.0
729.0
1001.0
1001.0
1001.0
1001.0
1001.0
1001.0
1001.0
217.0
1001.0
1001.0
1001.0
281.0
724.0
1001.0
1001.0
467.0
467.0
1001.0
1001.0
611.0
888.0
1001.0
1001.0
1001.0
1001.0
1001.0
1001.0
228.0
1001.0
1001.0
1001.0
316.0
1001.0
1001.0
1001.0
377.0
1001.0
1001.0
1001.0
100.0
1001.0
1001.0
1001.0
519.0
1001.0
707.0
1001.0
314.0
1001.0
159.0
1001.0
1001.0
1001.0
1001.0
1001.0
815.0
1001.0
1001.0
1001.0
1001.0
1001.0
1001.0
1001.0
100.0
514.0
1001.0
1001.0
737.0
465.0
173.0
1001.0
827.0
1001.0
864.0
1001.0
322.0
474.0
413.0
1001.0
1001.0
1001.0
1001.0
1001.0
1001.0
1001.0
1001.0
1001.0
100.0
951.0
1001.0
1001.0
819.0
1001.0
1001.0
1001.0
752.0
1001.0
1001.0
1001.0
195.0
1001.0
1001.0
1001.0
105.0
265.0
387.0
1001.0
1001.0
1001.0
1001.0
1001.0
1001.0
1001.0
1001.0
1001.0
312.0
1001.0
1001.0
1001.0
520.0
840.0
1001.0
1001.0
977.0
936.0
1001.0
1001.0
188.0
1001.0
948.0
1001.0
275.0
1001.0
338.0
1001.0
1001.0
1001.0
1001.0
1001.0
1001.0
1001.0
1001.0
1001.0
1001.0
1001.0
1001.0
1001.0
835.0
281.0
1001.0
1001.0
1001.0
491.0
1001.0
1001.0
235.0
1001.0
295.0
1001.0
489.0
1001.0
1001.0
1001.0
1001.0
1001.0
1001.0
1001.0
1001.0
1001.0
1001.0
1001.0
343.0
1001.0
1001.0
1001.0
297.0
1001.0
1001.0
1001.0
1001.0
488.0
1001.0
1001.0
122.0
703.0
502.0
1001.0
552.0
1001.0
1001.0
1001.0
824.0
1001.0
1001.0
1001.0
1001.0
1001.0
1001.0
1001.0
1001.0
1001.0
1001.0
1001.0
382.0
739.0
1001.0
1001.0
431.0
1001.0
1001.0
1001.0
376.0
1001.0
145.0
1001.0
319.0
863.0
1001.0
1001.0
1001.0
1001.0
1001.0
1001.0
1001.0
1001.0
1001.0
1001.0
1001.0
1001.0
1001.0
1001.0
377.0
158.0
1001.0
1001.0
348.0
623.0
1001.0
1001.0
521.0
1001.0
1001.0
1001.0
100.0
1001.0
1001.0
1001.0
1001.0
1001.0
1001.0
1001.0
112.0
1001.0
1001.0
1001.0
100.0
1001.0
1001.0
1001.0
602.0
1001.0
1001.0
1001.0
100.0
100.0
1001.0
1001.0
260.0
1001.0
443.0
1001.0
100.0
1001.0
1001.0
1001.0
1001.0
1001.0
1001.0
1001.0
1001.0
1001.0
1001.0
1001.0
256.0
1001.0
1001.0
1001.0
552.0
1001.0
1001.0
1001.0
100.0
325.0
1001.0
1001.0
100.0
1001.0
392.0
1001.0
286.0
1001.0
625.0
1001.0
533.0
1001.0
1001.0
1001.0
1001.0
1001.0
1001.0
1001.0
803.0
830.0
1001.0
1001.0
1001.0
1001.0
1001.0
1001.0
1001.0
353.0
932.0
1001.0
573.0
1001.0
1001.0
1001.0
181.0
349.0
383.0
1001.0
1001.0
1001.0
1001.0
1001.0
1001.0
1001.0
1001.0
1001.0
781.0
1001.0
1001.0
1001.0
291.0
1001.0
1001.0
1001.0
100.0
100.0
955.0
1001.0
100.0
225.0
1001.0
1001.0
100.0
217.0
1001.0
1001.0
1001.0
1001.0
1001.0
1001.0
159.0
1001.0
1001.0
1001.0
753.0
1001.0
1001.0
1001.0
251.0
1001.0
1001.0
1001.0
624.0
453.0
1001.0
1001.0
351.0
100.0
1001.0
1001.0
483.0
100.0
702.0
1001.0
1001.0
1001.0
1001.0
1001.0
1001.0
1001.0
1001.0
1001.0
647.0
1001.0
1001.0
1001.0
1001.0
339.0
1001.0
1001.0
100.0
1001.0
1001.0
1001.0
421.0
213.0
1001.0
1001.0
853.0
482.0
1001.0
1001.0
1001.0
1001.0
1001.0
1001.0
554.0
1001.0
1001.0
1001.0
193.0
1001.0
1001.0
1001.0
283.0
1001.0
1001.0
1001.0
190.0
1001.0
194.0
1001.0
154.0
994.0
569.0
1001.0
1001.0
271.0
802.0
1001.0
1001.0
1001.0
1001.0
1001.0
1001.0
1001.0
1001.0
1001.0
1001.0
1001.0
1001.0
1001.0
833.0
1001.0
1001.0
1001.0
574.0
244.0
1001.0
1001.0
100.0
100.0
139.0
1001.0
378.0
1001.0
1001.0
1001.0
1001.0
1001.0
1001.0
1001.0
1001.0
1001.0
1001.0
1001.0
100.0
1001.0
1001.0
1001.0
167.0
622.0
1001.0
1001.0
1001.0
1001.0
1001.0
1001.0
677.0
1001.0
1001.0
1001.0
659.0
1001.0
1001.0
1001.0
1001.0
1001.0
1001.0
1001.0
1001.0
1001.0
1001.0
1001.0
545.0
994.0
1001.0
1001.0
569.0
1001.0
1001.0
1001.0
272.0
304.0
1001.0
1001.0
216.0
1001.0
1001.0
1001.0
143.0
564.0
256.0
1001.0
1001.0
1001.0
1001.0
1001.0
1001.0
1001.0
1001.0
1001.0
1001.0
1001.0
1001.0
1001.0
248.0
462.0
1001.0
1001.0
241.0
1001.0
1001.0
1001.0
273.0
597.0
797.0
1001.0
100.0
1001.0
211.0
1001.0
1001.0
1001.0
1001.0
1001.0
1001.0
1001.0
1001.0
1001.0
100.0
1001.0
1001.0
1001.0
240.0
1001.0
1001.0
1001.0
1001.0
1001.0
1001.0
1001.0
1001.0
585.0
1001.0
1001.0
155.0
1001.0
1001.0
1001.0
1001.0
1001.0
1001.0
1001.0
1001.0
1001.0
1001.0
1001.0
419.0
1001.0
1001.0
1001.0
557.0
1001.0
1001.0
1001.0
1001.0
1001.0
1001.0
1001.0
100.0
1001.0
1001.0
1001.0
634.0
1001.0
814.0
1001.0
1001.0
1001.0
1001.0
1001.0
284.0
1001.0
1001.0
1001.0
100.0
1001.0
1001.0
1001.0
118.0
224.0
1001.0
1001.0
533.0
100.0
1001.0
1001.0
469.0
507.0
833.0
1001.0
447.0
493.0
1001.0
1001.0
1001.0
1001.0
1001.0
1001.0
553.0
1001.0
1001.0
1001.0
1001.0
1001.0
1001.0
1001.0
281.0
1001.0
1001.0
1001.0
158.0
307.0
1001.0
1001.0
100.0
733.0
1001.0
1001.0
266.0
1001.0
1001.0
1001.0
1001.0
1001.0
1001.0
1001.0
1001.0
1001.0
1001.0
1001.0
812.0
155.0
1001.0
1001.0
824.0
1001.0
1001.0
1001.0
279.0
1001.0
1001.0
1001.0
100.0
833.0
1001.0
1001.0
235.0
1001.0
1001.0
1001.0
104.0
1001.0
1001.0
1001.0
1001.0
1001.0
1001.0
1001.0
443.0
1001.0
1001.0
1001.0
264.0
530.0
1001.0
1001.0
426.0
198.0
1001.0
1001.0
666.0
1001.0
417.0
1001.0
423.0
100.0
1001.0
1001.0
1001.0
1001.0
1001.0
1001.0
337.0
1001.0
1001.0
1001.0
423.0
1001.0
1001.0
1001.0
420.0
221.0
1001.0
1001.0
145.0
865.0
1001.0
1001.0
194.0
233.0
727.0
1001.0
176.0
1001.0
1001.0
1001.0
1001.0
1001.0
1001.0
1001.0
1001.0
1001.0
1001.0
1001.0
194.0
1001.0
1001.0
1001.0
1001.0
425.0
1001.0
1001.0
100.0
1001.0
1001.0
1001.0
621.0
669.0
1001.0
1001.0
830.0
455.0
363.0
1001.0
1001.0
1001.0
1001.0
1001.0
1001.0
1001.0
1001.0
1001.0
1001.0
1001.0
1001.0
1001.0
254.0
1001.0
1001.0
1001.0
688.0
1001.0
1001.0
1001.0
1001.0
1001.0
1001.0
1001.0
100.0
1001.0
1001.0
1001.0
1001.0
1001.0
1001.0
1001.0
1001.0
1001.0
1001.0
1001.0
1001.0
1001.0
1001.0
1001.0
211.0
1001.0
1001.0
1001.0
918.0
1001.0
305.0
1001.0
461.0
971.0
829.0
1001.0
782.0
395.0
1001.0
1001.0
1001.0
1001.0
1001.0
1001.0
1001.0
1001.0
1001.0
1001.0
1001.0
1001.0
1001.0
1001.0
271.0
598.0
1001.0
1001.0
387.0
146.0
371.0
1001.0
199.0
1001.0
151.0
1001.0
439.0
324.0
1001.0
1001.0
1001.0
1001.0
1001.0
1001.0
1001.0
1001.0
1001.0
1001.0
1001.0
1001.0
1001.0
1001.0
317.0
891.0
1001.0
1001.0
686.0
1001.0
1001.0
1001.0
632.0
1001.0
1001.0
1001.0
664.0
776.0
995.0
1001.0
1001.0
1001.0
1001.0
1001.0
1001.0
1001.0
1001.0
1001.0
685.0
100.0
1001.0
1001.0
949.0
1001.0
1001.0
1001.0
1001.0
415.0
1001.0
1001.0
281.0
1001.0
839.0
1001.0
408.0
1001.0
741.0
1001.0
1001.0
1001.0
1001.0
1001.0
583.0
1001.0
1001.0
1001.0
285.0
1001.0
1001.0
1001.0
580.0
1001.0
1001.0
1001.0
747.0
100.0
100.0
1001.0
203.0
266.0
1001.0
1001.0
380.0
427.0
1001.0
1001.0
1001.0
1001.0
1001.0
1001.0
1001.0
1001.0
1001.0
1001.0
598.0
1001.0
1001.0
1001.0
1001.0
1001.0
1001.0
1001.0
100.0
1001.0
1001.0
1001.0
488.0
833.0
1001.0
1001.0
100.0
1001.0
164.0
1001.0
1001.0
1001.0
1001.0
1001.0
843.0
1001.0
1001.0
1001.0
731.0
1001.0
1001.0
1001.0
218.0
336.0
1001.0
1001.0
1001.0
202.0
1001.0
1001.0
218.0
547.0
1001.0
1001.0
155.0
1001.0
1001.0
1001.0
849.0
1001.0
1001.0
1001.0
614.0
1001.0
1001.0
1001.0
280.0
1001.0
1001.0
1001.0
358.0
1001.0
1001.0
1001.0
885.0
538.0
1001.0
1001.0
100.0
1001.0
163.0
1001.0
100.0
558.0
1001.0
1001.0
1001.0
1001.0
1001.0
1001.0
1001.0
1001.0
1001.0
1001.0
766.0
1001.0
1001.0
1001.0
484.0
1001.0
1001.0
1001.0
728.0
280.0
1001.0
1001.0
572.0
241.0
501.0
1001.0
140.0
142.0
1001.0
1001.0
1001.0
1001.0
1001.0
1001.0
808.0
1001.0
1001.0
1001.0
100.0
980.0
1001.0
1001.0
139.0
100.0
1001.0
1001.0
599.0
100.0
1001.0
1001.0
100.0
1001.0
310.0
1001.0
119.0
1001.0
1001.0
1001.0
1001.0
1001.0
1001.0
1001.0
391.0
1001.0
1001.0
1001.0
100.0
807.0
1001.0
1001.0
100.0
1001.0
322.0
1001.0
369.0
1001.0
1001.0
1001.0
235.0
643.0
365.0
1001.0
480.0
1001.0
350.0
1001.0
1001.0
1001.0
1001.0
1001.0
1001.0
1001.0
1001.0
1001.0
529.0
1001.0
1001.0
1001.0
381.0
362.0
1001.0
1001.0
1001.0
1001.0
1001.0
1001.0
100.0
1001.0
1001.0
1001.0
257.0
1001.0
352.0
1001.0
1001.0
1001.0
1001.0
1001.0
1001.0
1001.0
1001.0
1001.0
336.0
1001.0
1001.0
1001.0
1001.0
243.0
1001.0
1001.0
157.0
1001.0
1001.0
1001.0
482.0
1001.0
357.0
1001.0
136.0
1001.0
100.0
1001.0
557.0
1001.0
1001.0
1001.0
1001.0
1001.0
1001.0
1001.0
517.0
1001.0
1001.0
1001.0
320.0
1001.0
1001.0
1001.0
100.0
824.0
1001.0
1001.0
509.0
559.0
1001.0
1001.0
387.0
1001.0
1001.0
1001.0
1001.0
1001.0
1001.0
1001.0
335.0
1001.0
1001.0
1001.0
1001.0
1001.0
1001.0
1001.0
1001.0
1001.0
1001.0
1001.0
704.0
1001.0
1001.0
1001.0
308.0
1001.0
752.0
1001.0
598.0
100.0
1001.0
1001.0
1001.0
1001.0
1001.0
1001.0
1001.0
1001.0
1001.0
1001.0
100.0
1001.0
1001.0
1001.0
342.0
1001.0
1001.0
1001.0
904.0
1001.0
1001.0
1001.0
120.0
779.0
719.0
1001.0
782.0
1001.0
1001.0
1001.0
804.0
1001.0
1001.0
1001.0
1001.0
1001.0
1001.0
1001.0
1001.0
1001.0
1001.0
1001.0
171.0
214.0
1001.0
1001.0
858.0
1001.0
1001.0
1001.0
129.0
837.0
197.0
1001.0
168.0
1001.0
915.0
1001.0
643.0
1001.0
1001.0
1001.0
1001.0
1001.0
1001.0
1001.0
1001.0
1001.0
1001.0
1001.0
100.0
1001.0
1001.0
1001.0
739.0
182.0
1001.0
1001.0
212.0
232.0
601.0
1001.0
400.0
210.0
1001.0
1001.0
1001.0
1001.0
1001.0
1001.0
1001.0
1001.0
1001.0
1001.0
769.0
718.0
1001.0
1001.0
100.0
1001.0
1001.0
1001.0
621.0
442.0
1001.0
1001.0
335.0
381.0
807.0
1001.0
531.0
681.0
1001.0
1001.0
1001.0
1001.0
1001.0
1001.0
1001.0
1001.0
1001.0
1001.0
500.0
1001.0
1001.0
1001.0
276.0
267.0
1001.0
1001.0
495.0
1001.0
1001.0
1001.0
868.0
1001.0
1001.0
1001.0
120.0
381.0
909.0
1001.0
1001.0
1001.0
1001.0
1001.0
1001.0
1001.0
1001.0
1001.0
633.0
1001.0
1001.0
1001.0
1001.0
956.0
1001.0
1001.0
199.0
100.0
1001.0
1001.0
756.0
1001.0
1001.0
1001.0
258.0
1001.0
1001.0
1001.0
1001.0
1001.0
1001.0
1001.0
438.0
1001.0
1001.0
1001.0
1001.0
1001.0
1001.0
1001.0
435.0
937.0
1001.0
1001.0
529.0
1001.0
1001.0
1001.0
136.0
1001.0
860.0
1001.0
111.0
1001.0
1001.0
1001.0
1001.0
1001.0
1001.0
1001.0
1001.0
1001.0
1001.0
1001.0
498.0
1001.0
1001.0
1001.0
193.0
1001.0
1001.0
1001.0
898.0
1001.0
1001.0
1001.0
329.0
1001.0
1001.0
1001.0
214.0
882.0
152.0
1001.0
1001.0
1001.0
1001.0
1001.0
1001.0
1001.0
1001.0
1001.0
1001.0
1001.0
1001.0
1001.0
765.0
1001.0
1001.0
1001.0
717.0
557.0
1001.0
1001.0
208.0
1001.0
1001.0
1001.0
190.0
453.0
1001.0
1001.0
1001.0
1001.0
1001.0
1001.0
1001.0
1001.0
1001.0
1001.0
563.0
1001.0
1001.0
1001.0
100.0
1001.0
1001.0
1001.0
117.0
1001.0
1001.0
1001.0
557.0
886.0
1001.0
1001.0
401.0
1001.0
199.0
1001.0
1001.0
1001.0
1001.0
1001.0
1001.0
1001.0
1001.0
1001.0
422.0
1001.0
1001.0
1001.0
198.0
1001.0
1001.0
1001.0
854.0
279.0
193.0
1001.0
398.0
1001.0
1001.0
1001.0
100.0
769.0
1001.0
1001.0
1001.0
1001.0
1001.0
1001.0
1001.0
1001.0
1001.0
1001.0
898.0
1001.0
1001.0
1001.0
271.0
1001.0
1001.0
1001.0
957.0
1001.0
1001.0
1001.0
1001.0
1001.0
100.0
1001.0
471.0
721.0
100.0
1001.0
977.0
1001.0
1001.0
1001.0
1001.0
1001.0
1001.0
1001.0
1001.0
1001.0
1001.0
1001.0
364.0
1001.0
1001.0
1001.0
482.0
906.0
1001.0
1001.0
414.0
409.0
1001.0
1001.0
663.0
1001.0
1001.0
1001.0
1001.0
1001.0
1001.0
1001.0
1001.0
1001.0
1001.0
1001.0
100.0
1001.0
1001.0
1001.0
244.0
830.0
1001.0
1001.0
701.0
136.0
1001.0
1001.0
506.0
1001.0
862.0
1001.0
1001.0
313.0
656.0
1001.0
1001.0
1001.0
1001.0
1001.0
701.0
1001.0
1001.0
1001.0
1001.0
1001.0
1001.0
1001.0
1001.0
1001.0
1001.0
1001.0
1001.0
901.0
1001.0
1001.0
139.0
299.0
100.0
1001.0
722.0
119.0
1001.0
1001.0
1001.0
1001.0
1001.0
1001.0
1001.0
1001.0
1001.0
1001.0
152.0
1001.0
1001.0
1001.0
791.0
195.0
1001.0
1001.0
127.0
142.0
1001.0
1001.0
309.0
439.0
1001.0
1001.0
100.0
897.0
1001.0
1001.0
1001.0
1001.0
1001.0
1001.0
1001.0
1001.0
1001.0
1001.0
291.0
1001.0
1001.0
1001.0
356.0
924.0
1001.0
1001.0
244.0
1001.0
1001.0
1001.0
611.0
172.0
131.0
1001.0
804.0
1001.0
801.0
1001.0
1001.0
1001.0
1001.0
1001.0
1001.0
1001.0
1001.0
1001.0
1001.0
1001.0
1001.0
1001.0
100.0
983.0
1001.0
1001.0
156.0
265.0
1001.0
1001.0
698.0
144.0
1001.0
1001.0
458.0
1001.0
674.0
1001.0
1001.0
1001.0
1001.0
1001.0
1001.0
1001.0
1001.0
1001.0
257.0
1001.0
1001.0
1001.0
221.0
1001.0
1001.0
1001.0
358.0
1001.0
1001.0
1001.0
188.0
878.0
1001.0
1001.0
100.0
749.0
1001.0
1001.0
1001.0
1001.0
1001.0
1001.0
1001.0
1001.0
1001.0
1001.0
100.0
1001.0
1001.0
1001.0
584.0
1001.0
1001.0
1001.0
100.0
1001.0
1001.0
1001.0
663.0
1001.0
1001.0
1001.0
934.0
1001.0
1001.0
1001.0
1001.0
1001.0
1001.0
1001.0
1001.0
1001.0
1001.0
1001.0
203.0
1001.0
1001.0
1001.0
458.0
196.0
1001.0
1001.0
148.0
913.0
664.0
1001.0
198.0
924.0
1001.0
1001.0
491.0
364.0
969.0
1001.0
1001.0
1001.0
1001.0
1001.0
1001.0
1001.0
1001.0
1001.0
1001.0
1001.0
1001.0
1001.0
295.0
1001.0
297.0
1001.0
193.0
1001.0
1001.0
1001.0
895.0
562.0
516.0
1001.0
819.0
383.0
749.0
1001.0
1001.0
1001.0
1001.0
1001.0
1001.0
1001.0
1001.0
1001.0
251.0
1001.0
1001.0
1001.0
1001.0
1001.0
1001.0
1001.0
137.0
1001.0
1001.0
1001.0
193.0
1001.0
1001.0
1001.0
136.0
1001.0
1001.0
1001.0
1001.0
1001.0
1001.0
1001.0
610.0
1001.0
1001.0
1001.0
279.0
1001.0
1001.0
1001.0
714.0
1001.0
1001.0
1001.0
100.0
1001.0
1001.0
1001.0
119.0
1001.0
1001.0
1001.0
154.0
376.0
1001.0
1001.0
1001.0
1001.0
1001.0
1001.0
1001.0
1001.0
1001.0
1001.0
1001.0
1001.0
1001.0
1001.0
608.0
1001.0
1001.0
1001.0
1001.0
100.0
849.0
1001.0
301.0
992.0
169.0
1001.0
100.0
1001.0
1001.0
1001.0
1001.0
1001.0
1001.0
1001.0
1001.0
1001.0
1001.0
1001.0
100.0
1001.0
1001.0
1001.0
1001.0
1001.0
1001.0
1001.0
314.0
100.0
1001.0
1001.0
100.0
1001.0
1001.0
1001.0
100.0
283.0
428.0
1001.0
1001.0
1001.0
1001.0
1001.0
1001.0
1001.0
1001.0
1001.0
961.0
1001.0
1001.0
1001.0
100.0
379.0
1001.0
1001.0
123.0
584.0
1001.0
1001.0
100.0
1001.0
1001.0
1001.0
488.0
557.0
1001.0
1001.0
1001.0
1001.0
1001.0
1001.0
1001.0
1001.0
1001.0
1001.0
800.0
792.0
1001.0
1001.0
282.0
592.0
1001.0
1001.0
412.0
1001.0
1001.0
1001.0
315.0
1001.0
1001.0
1001.0
643.0
210.0
1001.0
1001.0
1001.0
1001.0
1001.0
1001.0
1001.0
1001.0
1001.0
1001.0
1001.0
241.0
1001.0
1001.0
671.0
1001.0
1001.0
1001.0
824.0
768.0
1001.0
1001.0
105.0
1001.0
1001.0
1001.0
375.0
1001.0
1001.0
1001.0
1001.0
1001.0
1001.0
1001.0
1001.0
1001.0
1001.0
1001.0
577.0
1001.0
1001.0
1001.0
623.0
1001.0
1001.0
1001.0
100.0
555.0
1001.0
1001.0
100.0
786.0
252.0
1001.0
100.0
414.0
957.0
1001.0
1001.0
1001.0
1001.0
1001.0
1001.0
1001.0
1001.0
1001.0
1001.0
1001.0
1001.0
1001.0
100.0
1001.0
1001.0
1001.0
100.0
1001.0
1001.0
1001.0
417.0
1001.0
1001.0
1001.0
1001.0
233.0
897.0
1001.0
1001.0
1001.0
1001.0
1001.0
1001.0
1001.0
1001.0
1001.0
1001.0
1001.0
1001.0
1001.0
965.0
148.0
1001.0
1001.0
100.0
662.0
1001.0
1001.0
100.0
1001.0
1001.0
1001.0
171.0
295.0
153.0
1001.0
1001.0
1001.0
1001.0
1001.0
1001.0
1001.0
1001.0
1001.0
100.0
1001.0
1001.0
1001.0
399.0
1001.0
1001.0
1001.0
991.0
212.0
475.0
1001.0
290.0
1001.0
1001.0
1001.0
679.0
1001.0
1001.0
1001.0
1001.0
1001.0
1001.0
1001.0
900.0
1001.0
1001.0
1001.0
191.0
1001.0
1001.0
1001.0
257.0
1001.0
1001.0
1001.0
394.0
645.0
293.0
1001.0
809.0
173.0
1001.0
1001.0
146.0
850.0
1001.0
1001.0
1001.0
1001.0
1001.0
1001.0
229.0
1001.0
1001.0
1001.0
161.0
1001.0
1001.0
1001.0
559.0
896.0
1001.0
1001.0
196.0
1001.0
1001.0
1001.0
402.0
439.0
137.0
1001.0
158.0
1001.0
145.0
1001.0
