0.18981018981018982
0.03496503496503497
0.0
0.0
0.336734693877551
0.0
0.0
0.0
0.7002997002997003
0.15684315684315683
0.0
0.0
0.7314629258517034
0.7745504840940526
0.0
0.0
0.9353448275862069
0.5207667731629393
0.26873126873126874
0.0
0.8061224489795918
0.8090692124105012
0.5702970297029702
0.0
0.864406779661017
0.88
0.7652347652347652
0.0
0.028971028971028972
0.0
0.0
0.0
0.56656346749226
0.0
0.0
0.0
0.7122877122877123
0.05194805194805195
0.0
0.0
0.8661174047373842
0.7622377622377622
0.0
0.0
0.706081081081081
0.726027397260274
0.4775224775224775
0.0
0.8493723849372385
0.7212787212787213
0.7029063509149623
0.0
0.7737430167597765
0.7862137862137862
0.8631368631368631
0.0
0.06793206793206794
0.0
0.0
0.0
0.30115830115830117
0.011988011988011988
0.0
0.0
0.7432567432567433
0.13986013986013987
0.016983016983016984
0.0
0.71
0.6243756243756243
0.03896103896103896
0.0
0.859375
0.7756410256410257
0.37657657657657656
0.0
0.9180327868852459
0.8471528471528471
0.6819923371647509
0.0
0.8763326226012793
0.9227642276422764
0.8259109311740891
0.0
0.2108843537414966
0.0
0.0
0.0
0.36
0.0
0.0
0.0
0.73
0.1108891108891109
0.0
0.0
0.718132854578097
0.4748201438848921
0.022977022977022976
0.0
0.8084179970972424
0.7262737262737263
0.6003996003996004
0.0
0.93
0.8471528471528471
0.6783216783216783
0.0
0.9084967320261438
0.8141858141858141
0.975
0.0
0.007992007992007992
0.0
0.0
0.0
0.15784215784215785
0.0
0.0
0.0
0.4429530201342282
0.06993006993006994
0.0
0.0
0.8962585034013606
0.5734265734265734
0.02097902097902098
0.0
0.7282051282051282
0.750271444082519
0.532319391634981
0.0
0.8206896551724138
0.8169934640522876
0.6457446808510638
0.0
0.8767123287671232
0.8384458077709611
0.9428571428571428
0.0
0.1166936790923825
0.0
0.0
0.0
0.1872146118721461
0.04895104895104895
0.0
0.0
0.39760239760239763
0.0
0.000999000999000999
0.0
0.7752525252525253
0.9333333333333333
0.0
0.0
0.92
0.6935123042505593
0.34065934065934067
0.0
0.95
0.6716738197424893
0.7112887112887113
0.0
0.8036529680365296
0.8073836276083467
0.6957494407158836
0.0
0.0
0.0
0.0
0.0
0.363914373088685
0.0
0.0
0.0
0.3016983016983017
0.12487512487512488
0.0
0.0
0.7032967032967034
0.5154845154845155
0.0
0.0
0.8371628371628371
0.6043956043956044
0.9461538461538461
0.0
0.8211788211788211
0.8091908091908092
0.6823176823176823
0.0
0.8434782608695652
0.7795698924731183
0.6473526473526473
0.0
0.0
0.0
0.0
0.0
0.5412371134020618
0.0
0.0
0.0
0.8
0.12687312687312688
0.0
0.0
0.92
0.6353646353646354
0.0939060939060939
0.0
0.86
0.7342192691029901
0.40298507462686567
0.0
0.9620253164556962
0.8628389154704944
0.6033966033966034
0.0
0.9380281690140845
0.7543424317617866
0.8735632183908046
0.0
0.0
0.0
0.0
0.0
0.13086913086913088
0.0
0.0
0.0
0.5967153284671532
0.08891108891108891
0.0
0.0
0.785622593068036
0.37166324435318276
0.0
0.0
0.9420289855072463
0.9349593495934959
0.3646353646353646
0.0
0.8976034858387799
0.9760956175298805
0.5304878048780488
0.0
0.87
0.9026888604353394
0.7638483965014577
0.0
0.51
0.0
0.0
0.0
0.1938061938061938
0.0
0.0
0.0
0.4195804195804196
0.03296703296703297
0.013986013986013986
0.0
0.7975
0.5724275724275725
0.0
0.0
0.8341658341658341
0.7532467532467533
0.3738532110091743
0.0
0.6973180076628352
0.7802197802197802
0.5974025974025974
0.0
0.9140859140859141
0.7162534435261708
0.6353646353646354
0.0
0.22295081967213115
0.0
0.0
0.0
0.5143266475644699
0.0
0.0
0.0
0.12987012987012986
0.1048951048951049
0.0
0.0
0.8148148148148148
0.47652347652347654
0.13186813186813187
0.0
0.936768149882904
0.87
0.16383616383616384
0.0
0.8576429404900817
0.7623762376237624
0.7916666666666666
0.0
0.8439306358381503
0.7852147852147852
0.8016304347826086
0.0
0.14314314314314314
0.0
0.0
0.0
0.24475524475524477
0.025974025974025976
0.0
0.0
0.5634365634365635
0.18281718281718282
0.0
0.0
0.5814185814185814
0.5944055944055944
0.00999000999000999
0.0
0.82
0.6553446553446554
0.3096903096903097
0.0
0.910958904109589
0.7946768060836502
0.680327868852459
0.0
0.75
0.9253731343283582
0.7594254937163375
0.0
0.04795204795204795
0.0
0.0
0.0
0.1958041958041958
0.0
0.0
0.0
0.9629629629629629
0.17882117882117882
0.0
0.0
0.6310160427807486
0.41630901287553645
0.001998001998001998
0.0
0.8722689075630252
0.6073926073926074
0.34565434565434566
0.0
0.8432601880877743
0.7784491440080564
0.6213786213786214
0.0
0.87
0.7952047952047953
0.92
0.0
0.1018981018981019
0.0
0.0
0.0
0.6834170854271356
0.0
0.0
0.0
0.6832298136645962
0.13386613386613386
0.0
0.0
0.92
0.6279461279461279
0.027972027972027972
0.0
0.8664987405541562
0.6480099502487562
0.22577422577422576
0.0
0.9020979020979021
0.7601410934744268
0.6953046953046953
0.0
0.8301158301158301
0.7777777777777778
0.7411764705882353
0.0
0.0
0.0
0.0
0.0
0.2097902097902098
0.00999000999000999
0.0
0.0
0.4085914085914086
0.26173826173826176
0.0
0.0
0.7302697302697303
0.72920892494929
0.002997002997002997
0.0
0.8621378621378621
0.6813186813186813
0.3156843156843157
0.0
0.9153175591531756
0.7222777222777222
0.6683316683316683
0.0
0.970856102003643
0.7862137862137862
0.7077175697865353
0.0
0.03596403596403597
0.01098901098901099
0.0
0.0
0.33266733266733267
0.08291708291708291
0.0
0.0
0.569620253164557
0.016983016983016984
0.0
0.0
0.86
0.7131474103585658
0.0
0.0
0.91
0.6953046953046953
0.2777222777222777
0.0
0.7843866171003717
0.7432567432567433
0.5514485514485514
0.0
0.9191919191919192
0.7392607392607392
0.7989031078610603
0.0
0.0
0.0
0.0
0.0
0.3005050505050505
0.0
0.0
0.0
0.46421663442940037
0.1928071928071928
0.0
0.0
0.5841035120147874
0.43656343656343655
0.0
0.0
0.803030303030303
0.7092907092907093
0.5874587458745875
0.0
0.834733893557423
0.8199052132701422
0.6388888888888888
0.0
0.8915857605177994
0.7522477522477522
0.6983016983016983
0.0
0.057942057942057944
0.0
0.0
0.0
0.2357373519913886
0.0
0.0
0.0
0.9235836627140975
0.18181818181818182
0.0
0.0
0.7350993377483444
0.9116022099447514
0.0
0.0
0.8918918918918919
0.7142857142857143
0.35564435564435565
0.0
0.8740740740740741
0.6911764705882353
0.6163836163836164
0.0
0.92
0.93
0.8156028368794326
0.0
0.10064935064935066
0.0
0.0
0.0
0.4336734693877551
0.0
0.0
0.0
0.8099688473520249
0.25874125874125875
0.0
0.0
0.8666666666666667
0.46853146853146854
0.0
0.0
0.87
0.7192807192807192
0.2017982017982018
0.0
0.8903061224489796
0.6283716283716284
0.5862676056338029
0.0
0.8367346938775511
0.8081918081918081
0.6463536463536463
0.0
0.028971028971028972
0.0
0.0
0.0
0.01898101898101898
0.0
0.0
0.0
0.2504604051565378
0.18181818181818182
0.0
0.0
0.7002997002997003
0.6563436563436563
0.0
0.0
0.958656330749354
0.7969543147208121
0.31868131868131866
0.0
0.7333333333333333
0.8073394495412844
0.5014985014985015
0.0
0.91
0.7872127872127872
0.6873126873126874
0.0
0.0
0.0
0.0
0.0
0.01998001998001998
0.0
0.0
0.0
0.3541341653666147
0.05194805194805195
0.0
0.0
0.85
0.4925074925074925
0.0
0.0
0.84
0.6917808219178082
0.4785214785214785
0.0
0.88
0.7622377622377622
0.7567567567567568
0.0
0.8864197530864197
0.8506224066390041
0.8469055374592834
0.0
0.37950138504155123
0.0
0.0
0.0
0.2578875171467764
0.008991008991008992
0.0
0.0
0.5114885114885115
0.08691308691308691
0.0
0.0
0.8248847926267281
0.6443556443556444
0.0
0.0
0.8398576512455516
0.6477900552486188
0.3676323676323676
0.0
0.9164882226980728
0.8201284796573876
0.6613386613386614
0.0
0.8314238952536824
0.8254504504504504
0.5534465534465535
0.0
0.1028971028971029
0.0
0.0
0.0
0.2850877192982456
0.0
0.0
0.0
0.3512658227848101
0.16383616383616384
0.0
0.0
0.7612732095490716
0.5314685314685315
0.0
0.0
0.89
0.7422577422577422
0.5004995004995005
0.0
0.8998073217726397
0.8401598401598401
0.49504950495049505
0.0
0.8343949044585988
0.7712287712287712
0.7358490566037735
0.0
0.006993006993006993
0.0
0.0
0.0
0.20368098159509201
0.0
0.0
0.0
0.6593406593406593
0.053946053946053944
0.0
0.0
0.57
0.6050583657587548
0.01898101898101898
0.0
0.8629579375848032
0.6989247311827957
0.8497109826589595
0.0
0.8742442563482467
0.6713286713286714
0.6643518518518519
0.0
0.8416149068322981
0.8755274261603375
0.7191283292978208
0.0
0.000999000999000999
0.0
0.0
0.0
0.04695304695304695
0.0
0.0
0.0
0.43
0.1366982124079916
0.0
0.0
0.717948717948718
0.5154845154845155
0.003996003996003996
0.0
0.8164893617021277
0.7502497502497503
0.3856143856143856
0.0
0.7743589743589744
0.7862137862137862
0.6763236763236763
0.0
0.7333333333333333
0.8716981132075472
0.7235142118863049
0.0
0.008991008991008992
0.0
0.0
0.0
0.061938061938061936
0.0
0.0
0.0
0.5384615384615384
0.024975024975024976
0.0
0.0
0.6076923076923076
0.5297619047619048
0.00999000999000999
0.0
0.812691914022518
0.6698717948717948
0.3706293706293706
0.0
0.7393617021276596
0.7282717282717283
0.7151898734177216
0.0
0.8836363636363637
0.7822177822177823
0.6686390532544378
0.0
0.0
0.0
0.0
0.0
0.26373626373626374
0.08591408591408592
0.0
0.0
0.31368631368631367
0.11988011988011989
0.0
0.0
0.6131736526946108
0.5836298932384342
0.0
0.0
0.8351648351648352
0.8431771894093686
0.30569430569430567
0.0
0.7531914893617021
0.7692307692307693
0.8610169491525423
0.0
0.8016359918200409
0.8361638361638362
0.7232767232767233
0.0
0.23276723276723277
0.0
0.0
0.0
0.0959040959040959
0.0
0.0
0.0
0.5510204081632653
0.04895104895104895
0.0
0.0
0.6060606060606061
0.6383616383616384
0.0
0.0
0.922077922077922
0.8340163934426229
0.37462537462537465
0.0
0.9344262295081968
0.7524893314366998
0.5796812749003984
0.0
0.9130434782608695
0.7712287712287712
0.6713286713286714
0.0
0.1966019417475728
0.0
0.0
0.0
0.06993006993006994
0.0
0.0
0.0
0.5444555444555444
0.08191808191808192
0.0
0.0
0.8298429319371727
0.5723951285520974
0.11488511488511488
0.0
0.8120649651972158
0.6803196803196803
0.21978021978021978
0.0
0.8351063829787234
0.7142857142857143
0.9655172413793104
0.0
0.8652037617554859
0.7786790266512167
0.7802197802197802
0.0
0.08291708291708291
0.08691308691308691
0.0
0.0
0.14885114885114886
0.0
0.0
0.0
0.42357642357642356
0.14285714285714285
0.026973026973026972
0.0
0.7745358090185677
0.7468354430379747
0.016983016983016984
0.0
0.9051724137931034
0.7126805778491172
0.27972027972027974
0.0
0.7792706333973128
0.7652347652347652
0.5324675324675324
0.0
0.94
0.8641358641358642
0.8671328671328671
0.0
0.03896103896103896
0.0
0.0
0.0
0.6696428571428571
0.0
0.0
0.0
0.9
0.012987012987012988
0.0
0.0
0.8289036544850499
0.6753246753246753
0.0
0.0
0.86
0.89
0.3916083916083916
0.0
0.9653846153846154
0.6643356643356644
0.7358916478555305
0.0
0.93
0.8621378621378621
0.6333666333666333
0.0
0.11988011988011989
0.0
0.0
0.0
0.0999000999000999
0.0
0.0
0.0
0.41015625
0.3386613386613387
0.0
0.0
0.802536231884058
0.6703296703296703
0.0
0.0
0.9
0.7907692307692308
0.2817182817182817
0.0
0.87
0.7672327672327672
0.7704081632653061
0.0
0.8951048951048951
0.7492507492507493
0.7472
0.0
0.28893058161350843
0.0
0.0
0.0
0.14485514485514486
0.0
0.0
0.0
0.5952677459526775
0.1530120481927711
0.0
0.0
0.5944055944055944
0.47952047952047955
0.0
0.0
0.8731268731268731
0.8583569405099151
0.4227467811158798
0.0
0.7766143106457243
0.7422577422577422
0.6943056943056943
0.0
0.9337016574585635
0.7478510028653295
0.8407310704960835
0.0
0.0
0.0
0.0
0.0
0.003996003996003996
0.0
0.0
0.0
0.29833546734955185
0.28771228771228774
0.0
0.0
0.27835051546391754
0.4245754245754246
0.008991008991008992
0.0
0.91
0.85
0.29842931937172773
0.0
0.88
0.9466666666666667
0.6353646353646354
0.0
0.91
0.8248847926267281
0.7202797202797203
0.0
0.0
0.0
0.0
0.0
0.5786163522012578
0.0
0.0
0.0
0.4302788844621514
0.19480519480519481
0.0
0.0
0.9282868525896414
0.6173826173826173
0.001998001998001998
0.0
0.9727564102564102
0.8211920529801324
0.3306693306693307
0.0
0.8490028490028491
0.93
0.4975024975024975
0.0
0.84472049689441
0.95
0.7279202279202279
0.0
0.011988011988011988
0.008991008991008992
0.0
0.0
0.3336663336663337
0.0
0.0
0.0
0.6043276661514683
0.21578421578421578
0.0
0.0
0.5434565434565435
0.6696165191740413
0.0
0.0
0.91
0.8211788211788211
0.42357642357642356
0.0
0.8052256532066508
0.863849765258216
0.5784215784215784
0.0
0.8663540445486518
0.8278008298755186
0.6543456543456544
0.0
0.03296703296703297
0.0
0.0
0.0
0.4891696750902527
0.007992007992007992
0.0
0.0
0.40932642487046633
0.03296703296703297
0.0
0.0
0.8692579505300353
0.43756243756243757
0.03596403596403597
0.0
0.9315789473684211
0.6263736263736264
0.5618556701030928
0.0
0.8831168831168831
0.6599597585513078
0.5782073813708261
0.0
0.8211788211788211
0.8265682656826568
0.6795511221945137
0.0
0.013986013986013986
0.0
0.0
0.0
0.15184815184815184
0.0
0.0
0.0
0.2707292707292707
0.3026973026973027
0.003996003996003996
0.0
0.758703481392557
0.6083916083916084
0.11488511488511488
0.0
0.7317073170731707
0.7377049180327869
0.4915084915084915
0.0
0.94
0.92
0.7913669064748201
0.0
0.8597883597883598
0.7542457542457542
0.7122877122877123
0.0
0.11188811188811189
0.0
0.0
0.0
0.21178821178821178
0.0899100899100899
0.0
0.0
0.58
0.22777222777222778
0.0
0.0
0.9580838323353293
0.5321543408360129
0.00999000999000999
0.0
0.8261738261738262
0.7652347652347652
0.5534465534465535
0.0
0.9630723781388478
0.7652347652347652
0.5954045954045954
0.0
0.8361153262518968
0.7492507492507493
0.6513486513486514
0.0
0.14585414585414586
0.0
0.0
0.0
0.2037962037962038
0.0
0.0
0.0
0.5211009174311927
0.24346076458752516
0.0
0.0
0.718804920913884
0.5954045954045954
0.0
0.0
0.8860294117647058
0.7138157894736842
0.4305694305694306
0.0
0.9212962962962963
0.7202797202797203
0.6473526473526473
0.0
0.9440559440559441
0.849290780141844
0.77734375
0.0
0.0
0.0
0.0
0.0
0.09090909090909091
0.0
0.0
0.0
0.5464535464535465
0.07492507492507493
0.0
0.0
0.9435483870967742
0.6255411255411255
0.0
0.0
0.8506224066390041
0.7022977022977023
0.3106893106893107
0.0
0.8021978021978022
0.8190954773869347
0.5734002509410289
0.0
0.94
0.7352647352647352
0.6445497630331753
0.0
0.024975024975024976
0.0
0.0
0.0
0.0
0.004995004995004995
0.0
0.0
0.73
0.16983016983016982
0.0
0.0
0.7958333333333333
0.5854145854145855
0.004995004995004995
0.0
0.7962037962037962
0.6003996003996004
0.37162837162837165
0.0
0.8681318681318682
0.7384615384615385
0.6323676323676324
0.0
0.9483870967741935
0.8241758241758241
0.7952047952047953
0.0
0.000999000999000999
0.0
0.0
0.0
0.18081918081918083
0.0
0.0
0.0
0.5250596658711217
0.2937062937062937
0.0
0.0
0.8707360861759426
0.5134865134865135
0.028971028971028972
0.0
0.8771228771228772
0.6003996003996004
0.3956043956043956
0.0
0.93
0.7912087912087912
0.5774225774225774
0.0
0.8911671924290221
0.8071928071928072
0.6658476658476659
0.0
0.014985014985014986
0.0
0.0
0.0
0.5
0.0
0.0
0.0
0.88
0.0
0.0
0.0
0.923728813559322
0.41964285714285715
0.06893106893106893
0.0
0.8799249530956847
0.9
0.3116883116883117
0.0
0.9445628997867804
0.8126232741617357
0.6386554621848739
0.0
0.8926174496644296
0.8316430020283976
0.6133866133866134
0.0
0.004995004995004995
0.0
0.0
0.0
0.244122965641953
0.03196803196803197
0.0
0.0
0.32867132867132864
0.2077922077922078
0.0
0.0
0.8256227758007118
0.4785214785214785
0.06493506493506493
0.0
0.9367088607594937
0.8371335504885994
0.36063936063936064
0.0
0.8
0.7871759890859482
0.7002997002997003
0.0
0.9285714285714286
0.8091908091908092
0.7312687312687313
0.0
0.017982017982017984
0.0
0.0
0.0
0.18081918081918083
0.0
0.0
0.0
0.7376847290640394
0.9483870967741935
0.0
0.0
0.7487864077669902
0.5584415584415584
0.2127872127872128
0.0
0.953405017921147
0.7002997002997003
0.1938061938061938
0.0
0.94
0.8343337334933973
0.6083916083916084
0.0
0.948936170212766
0.7752247752247752
0.6363636363636364
0.0
0.5769230769230769
0.0
0.0
0.0
0.12687312687312688
0.0
0.0
0.0
0.22799097065462753
0.030969030969030968
0.0
0.0
0.9318181818181818
0.6283018867924528
0.0
0.0
0.9553990610328639
0.9747474747474747
0.3546453546453546
0.0
0.9294294294294294
0.8521478521478522
0.6235011990407674
0.0
0.7281323877068558
0.95
0.7292707292707292
0.0
0.0
0.0
0.0
0.0
0.35014836795252224
0.0
0.0
0.0
0.607565011820331
0.11388611388611389
0.0
0.0
0.40476190476190477
0.8054298642533937
0.0959040959040959
0.0
0.7655172413793103
0.7456647398843931
0.28771228771228774
0.0
0.8350515463917526
0.7639484978540773
0.6740027510316369
0.0
0.8295454545454546
0.7692307692307693
0.6833166833166833
0.0
0.0
0.0
0.0
0.0
0.2997002997002997
0.0
0.0
0.0
0.4639175257731959
0.08691308691308691
0.0
0.0
0.5574425574425574
0.731764705882353
0.10589410589410589
0.0
0.81
0.7322677322677322
0.23176823176823177
0.0
0.9597423510466989
0.7892376681614349
0.5374625374625375
0.0
0.9397590361445783
0.8505494505494505
0.5344352617079889
0.0
0.0
0.0
0.0
0.0
0.25074925074925075
0.0
0.0
0.0
0.3256743256743257
0.16683316683316685
0.0
0.0
0.8976377952755905
0.4245754245754246
0.0
0.0
0.7834302325581395
0.6773226773226774
0.32667332667332666
0.0
0.8051948051948052
0.7802197802197802
0.6453546453546454
0.0
0.89
0.8261738261738262
0.6263736263736264
0.0
0.016983016983016984
0.0
0.0
0.0
0.04095904095904096
0.0
0.0
0.0
0.4195804195804196
0.03796203796203796
0.0
0.0
0.7488151658767772
0.46853146853146854
0.0
0.0
0.8061002178649237
0.6473526473526473
0.780327868852459
0.0
0.8091106290672451
0.800205973223481
0.7539203860072377
0.0
0.9347826086956522
0.8556962025316456
0.6663336663336663
0.0
0.0
0.0
0.0
0.0
0.17782217782217782
0.0
0.0
0.0
0.4865134865134865
0.0
0.0
0.0
0.6125461254612546
0.6688963210702341
0.016983016983016984
0.0
0.8940568475452196
0.8287671232876712
0.5390835579514824
0.0
0.7939698492462312
0.7912087912087912
0.7549668874172185
0.0
0.8906605922551253
0.7561728395061729
0.7112887112887113
0.0
0.028971028971028972
0.0
0.0
0.0
0.04595404595404595
0.0
0.0
0.0
0.45554445554445555
0.03696303696303696
0.0
0.0
0.7066246056782335
0.36363636363636365
0.001998001998001998
0.0
0.9708454810495627
0.6153846153846154
0.20679320679320679
0.0
0.9224683544303798
0.7982017982017982
0.8571428571428571
0.0
0.8478915662650602
0.8260309278350515
0.6653266331658292
0.0
0.01898101898101898
0.0
0.0
0.0
0.22277722277722278
0.001998001998001998
0.0
0.0
0.4569343065693431
0.87
0.011988011988011988
0.0
0.6459430979978925
0.5124875124875125
0.0
0.0
0.7932067932067932
0.708433734939759
0.33666333666333664
0.0
0.8612099644128114
0.7872127872127872
0.5017878426698451
0.0
0.7990196078431373
0.8201798201798202
0.7462887989203779
0.0
0.006993006993006993
0.0
0.0
0.0
0.48027444253859347
0.000999000999000999
0.0
0.0
0.7859649122807018
0.0
0.0
0.0
0.8327586206896552
0.6493506493506493
0.015984015984015984
0.0
0.8942436412315931
0.93
0.9
0.0
0.9556650246305419
0.8045112781954887
0.6643356643356644
0.0
0.85
0.8735362997658079
0.7182817182817183
0.0
0.002997002997002997
0.08191808191808192
0.0
0.0
0.04095904095904096
0.1958041958041958
0.0
0.0
0.6304347826086957
0.2827172827172827
0.0
0.0
0.6553446553446554
0.5224775224775224
0.0
0.0
0.91
0.6573426573426573
0.23476523476523475
0.0
0.944672131147541
0.7527010804321729
0.6493506493506493
0.0
0.89
0.8031968031968032
0.8536585365853658
0.0
0.12787212787212787
0.0
0.0
0.0
0.365361803084223
0.0
0.0
0.0
0.5198358413132695
0.03596403596403597
0.0
0.0
0.6926605504587156
0.7886904761904762
0.028971028971028972
0.0
0.8891108891108891
0.9455445544554455
0.4305694305694306
0.0
0.8990825688073395
0.773308957952468
0.5954045954045954
0.0
0.9032258064516129
0.7222777222777222
0.6853146853146853
0.0
0.13663133097762073
0.0
0.0
0.0
0.41042345276872966
0.0
0.0
0.0
0.625
0.0919080919080919
0.0
0.0
0.7122905027932961
0.5114885114885115
0.001998001998001998
0.0
0.8700564971751412
0.7137546468401487
0.21878121878121878
0.0
0.85
0.7302697302697303
0.950920245398773
0.0
0.92
0.8333333333333334
0.6743256743256744
0.0
0.0
0.0
0.0
0.0
0.0
0.0
0.0
0.0
0.8328981723237598
0.1088911088911089
0.0
0.0
0.7479338842975206
0.7452547452547452
0.061938061938061936
0.0
0.7417582417582418
0.7714285714285715
0.15084915084915085
0.0
0.8251748251748252
0.7800829875518672
0.6047904191616766
0.0
0.9214285714285714
0.9647887323943662
0.6263736263736264
0.0
0.0
0.0
0.0
0.0
0.13613861386138615
0.0
0.0
0.0
0.85
0.2
0.004995004995004995
0.0
0.8848920863309353
0.83
0.06993006993006994
0.0
0.7813021702838063
0.95
0.3226773226773227
0.0
0.91
0.7682317682317682
0.7193548387096774
0.0
0.8991596638655462
0.8501498501498501
0.6933066933066933
0.0
0.058941058941058944
0.0
0.0
0.0
0.4424552429667519
0.0
0.0
0.0
0.93
0.31722428748451054
0.0
0.0
0.78
0.5264735264735265
0.40062111801242234
0.0
0.7723577235772358
0.6683316683316683
0.4095904095904096
0.0
0.7446808510638298
0.8973561430793157
0.673972602739726
0.0
0.9083333333333333
0.8081918081918081
0.6942857142857143
0.0
0.14885114885114886
0.0
0.0
0.0
0.04195804195804196
0.0
0.0
0.0
0.39697542533081287
0.12287712287712288
0.0
0.0
0.3963254593175853
0.8535911602209945
0.0
0.0
0.8971028971028971
0.6093906093906094
0.3016983016983017
0.0
0.71
0.7862137862137862
0.6643356643356644
0.0
0.8638132295719845
0.8331668331668332
0.7159090909090909
0.0
0.0
0.0
0.0
0.0
0.2217782217782218
0.0
0.0
0.0
0.41369047619047616
0.0939060939060939
0.0
0.0
0.7972027972027972
0.7942386831275721
0.12087912087912088
0.0
0.9299363057324841
0.6983016983016983
0.43956043956043955
0.0
0.9107883817427386
0.8211788211788211
0.7254901960784313
0.0
0.9558823529411765
0.7952047952047953
0.95
0.0
0.1436265709156194
0.0
0.0
0.0
0.03796203796203796
0.0
0.0
0.0
0.6112185686653772
0.14785214785214784
0.0
0.0
0.771875
0.5644355644355644
0.0
0.0
0.73
0.8009708737864077
0.16683316683316685
0.0
0.8722986247544204
0.855098389982111
0.6373626373626373
0.0
0.7545219638242894
0.7932067932067932
0.6873126873126874
0.0
0.0
0.0
0.0
0.0
0.13432835820895522
0.0
0.0
0.0
0.1258741258741259
0.2967032967032967
0.0
0.0
0.7592407592407593
0.5294705294705294
0.0
0.0
0.8494318181818182
0.7342657342657343
0.3596403596403596
0.0
0.922077922077922
0.7212787212787213
0.7207446808510638
0.0
0.9113712374581939
0.94
0.7432567432567433
0.0
0.0
0.0
0.0
0.0
0.04795204795204795
0.0
0.057942057942057944
0.0
0.9
0.20279720279720279
0.0
0.0
0.5526315789473685
0.6563436563436563
0.0
0.0
0.7699115044247787
0.7182817182817183
0.22477522477522477
0.0
0.9333333333333333
0.7792041078305519
0.6787204450625869
0.0
0.9386189258312021
0.8461538461538461
0.6943056943056943
0.0
0.046019900497512436
0.0
0.0
0.0
0.07892107892107893
0.0
0.0
0.0
0.3166833166833167
0.11788211788211789
0.0
0.0
0.9181286549707602
0.7149532710280374
0.0
0.0
0.9230769230769231
0.7012987012987013
0.6423576423576424
0.0
0.9302325581395349
0.7347670250896058
0.8071065989847716
0.0
0.9166666666666666
0.7332667332667333
0.7103825136612022
0.0
0.08242612752721618
0.04195804195804196
0.0
0.0
0.07392607392607392
0.0
0.0
0.0
0.5714285714285714
0.1928071928071928
0.0
0.0
0.9
0.7042957042957043
0.0
0.0
0.8538565629228687
0.8406593406593407
0.4255744255744256
0.0
0.9528301886792453
0.8405172413793104
0.6139767054908486
0.0
0.8425
0.8952380952380953
0.6813186813186813
0.0
0.000999000999000999
0.0
0.0
0.0
0.32867132867132864
0.0
0.0
0.0
0.5240572171651495
0.24651810584958217
0.0
0.0
0.91
0.46653346653346656
0.001998001998001998
0.0
0.8389694041867954
0.6199095022624435
0.21878121878121878
0.0
0.844776119402985
0.7716535433070866
0.6988847583643123
0.0
0.7664783427495292
0.8002936857562408
0.6953046953046953
0.0
0.03996003996003996
0.0
0.0
0.0
0.25674325674325676
0.0
0.0
0.0
0.692
0.0
0.0
0.0
0.8731884057971014
0.7640449438202247
0.0
0.0
0.7454545454545455
0.6083916083916084
0.2967032967032967
0.0
0.782258064516129
0.7582417582417582
0.6813186813186813
0.0
0.9166666666666666
0.7191601049868767
0.7491749174917491
0.0
0.03496503496503497
0.0
0.0
0.0
0.2137862137862138
0.0
0.0
0.0
0.5750394944707741
0.14085914085914086
0.0
0.0
0.6983016983016983
0.7238493723849372
0.07492507492507493
0.0
0.7386934673366834
0.93
0.38461538461538464
0.0
0.8637566137566137
0.7982017982017982
0.6353646353646354
0.0
0.9457364341085271
0.7902097902097902
0.6973026973026973
0.0
0.0959040959040959
0.0
0.0
0.0
0.13926940639269406
0.0
0.0
0.0
0.2597402597402597
0.3906093906093906
0.0
0.0
0.7172413793103448
0.6307363927427961
0.01898101898101898
0.0
0.8638941398865785
0.6483516483516484
0.3906093906093906
0.0
0.9411764705882353
0.7092907092907093
0.7197674418604652
0.0
0.8918918918918919
0.8241758241758241
0.6903096903096904
0.0
0.0
0.0
0.0
0.0
0.1968031968031968
0.004995004995004995
0.0
0.0
0.178714859437751
0.03396603396603397
0.0
0.0
0.7512953367875648
0.5984015984015985
0.02197802197802198
0.0
0.7628062360801782
0.6313686313686314
0.34865134865134867
0.0
0.878419452887538
0.7302697302697303
0.5434565434565435
0.0
0.8271028037383178
0.753968253968254
0.9671052631578947
0.0
0.0
0.0
0.0
0.0
0.1258741258741259
0.0
0.0
0.0
0.2947052947052947
0.03696303696303696
0.0
0.0
0.7712418300653595
0.4935064935064935
0.08291708291708291
0.0
0.8507670850767085
0.6086175942549371
0.24475524475524477
0.0
0.9278846153846154
0.8371628371628371
0.6493506493506493
0.0
0.7947368421052632
0.869757174392936
0.6243756243756243
0.0
0.058941058941058944
0.06393606393606394
0.0
0.0
0.23376623376623376
0.0
0.0
0.0
0.5452930728241563
0.07792207792207792
0.0
0.0
0.83
0.5724275724275725
0.0
0.0
0.8888888888888888
0.6053946053946054
0.3226773226773227
0.0
0.7989228007181328
0.7437923250564334
0.6683316683316683
0.0
0.972568578553616
0.8561438561438561
0.7487437185929648
0.0
0.09090909090909091
0.0
0.0
0.0
0.06993006993006994
0.0
0.0
0.0
0.6208530805687204
0.0
0.0
0.0
0.5959595959595959
0.5524475524475524
0.08391608391608392
0.0
0.7142857142857143
0.8709677419354839
0.7823834196891192
0.0
0.8793969849246231
0.6643356643356644
0.5644355644355644
0.0
0.92
0.7958387516254877
0.7162837162837162
0.0
0.0
0.0
0.0
0.0
0.21978021978021978
0.0
0.0
0.0
0.7238307349665924
0.003996003996003996
0.0
0.0
0.9630996309963099
0.5144855144855145
0.029970029970029972
0.0
0.8223615464994776
0.7252747252747253
0.47952047952047955
0.0
0.8171828171828172
0.7652347652347652
0.92
0.0
0.8598726114649682
0.8502080443828016
0.93
0.0
0.04605936540429888
0.0
0.0
0.0
0.06593406593406594
0.0
0.0
0.0
0.32367632367632365
0.0
0.0
0.0
0.9148351648351648
0.43956043956043955
0.0
0.0
0.9128630705394191
0.6997792494481236
0.3246753246753247
0.0
0.9444444444444444
0.8386308068459658
0.6853146853146853
0.0
0.9306184012066365
0.8121878121878122
0.6813186813186813
0.0
0.059940059940059943
0.0
0.0
0.0
0.17882117882117882
0.0
0.0
0.0
0.65
0.07492507492507493
0.0
0.0
0.6721311475409836
0.5265060240963856
0.0
0.0
0.8316690442225392
0.9264705882352942
0.6743256743256744
0.0
0.9071146245059288
0.7532467532467533
0.691415313225058
0.0
0.9330669330669331
0.7667731629392971
0.7317073170731707
0.0
0.015984015984015984
0.0
0.0
0.0
0.18972895863052783
0.0
0.0
0.0
0.12487512487512488
0.24675324675324675
0.0
0.0
0.8041958041958042
0.4945054945054945
0.0
0.0
0.6763236763236763
0.7069922308546059
0.35664335664335667
0.0
0.920863309352518
0.822742474916388
0.91
0.0
0.9044321329639889
0.9243697478991597
0.6813186813186813
0.0
0.0
0.0
0.0
0.0
0.2037962037962038
0.0
0.0
0.0
0.9210526315789473
0.04495504495504495
0.0
0.0
0.7332490518331226
0.6358974358974359
0.0
0.0
0.9133858267716536
0.9507042253521126
0.3026973026973027
0.0
0.8705501618122977
0.7107061503416856
0.4805194805194805
0.0
0.91
0.7848383500557413
0.7422577422577422
0.0
0.03696303696303696
0.0
0.0
0.0
0.03596403596403597
0.0
0.0
0.0
0.44329896907216493
0.26673326673326675
0.0
0.0
0.7303370786516854
0.7640692640692641
0.11588411588411589
0.0
0.9221311475409836
0.6703296703296703
0.3166833166833167
0.0
0.9034369885433715
0.9476744186046512
0.8396946564885496
0.0
0.9216417910447762
0.7932067932067932
0.7166042446941323
0.0
0.006993006993006993
0.0
0.0
0.0
0.061938061938061936
0.0
0.0
0.0
0.7382617382617382
0.2127872127872128
0.0
0.0
0.81
0.595116988809766
0.0
0.0
0.7884615384615384
0.6830188679245283
0.3966033966033966
0.0
0.8452722063037249
0.9444444444444444
0.7322677322677322
0.0
0.9694323144104804
0.8621378621378621
0.7700296735905044
0.0
0.0
0.0
0.0
0.0
0.46653346653346656
0.0
0.0
0.0
0.7704280155642024
0.07292707292707293
0.0
0.0
0.8506787330316742
0.5444555444555444
0.028971028971028972
0.0
0.8212290502793296
0.7882117882117882
0.2867132867132867
0.0
0.7978723404255319
0.7471526195899773
0.6653346653346653
0.0
0.94
0.8865153538050734
0.7552447552447552
0.0
0.011988011988011988
0.0
0.0
0.0
0.0
0.0
0.0
0.0
0.72
0.02197802197802198
0.0
0.0
0.7654109589041096
0.6413586413586414
0.015984015984015984
0.0
0.83
0.7752247752247752
0.3886113886113886
0.0
0.779788838612368
0.7162837162837162
0.6353646353646354
0.0
0.867237687366167
0.8131868131868132
0.7922077922077922
0.0
0.025974025974025976
0.0
0.0
0.0
0.2057942057942058
0.0
0.0
0.0
0.6059113300492611
0.07292707292707293
0.0
0.0
0.5895196506550219
0.6275510204081632
0.000999000999000999
0.0
0.9054054054054054
0.755750273822563
0.5542168674698795
0.0
0.7676767676767676
0.7673160173160173
0.6433566433566433
0.0
0.8391038696537678
0.8076923076923077
0.8596491228070176
0.0
0.03896103896103896
0.0
0.0
0.0
0.18981018981018982
0.011988011988011988
0.0
0.0
0.5334665334665335
0.13386613386613386
0.0
0.0
0.6610169491525424
0.5834165834165834
0.30976430976430974
0.0
0.8082901554404145
0.7712287712287712
0.26373626373626374
0.0
0.7899441340782123
0.7455516014234875
0.686046511627907
0.0
0.9218559218559218
0.8015665796344648
0.7009345794392523
0.0
0.0
0.0
0.0
0.0
0.2897102897102897
0.0
0.0
0.0
0.6653386454183267
0.2907092907092907
0.0
0.0
0.7202797202797203
0.5754245754245755
0.07892107892107893
0.0
0.9562043795620438
0.7842157842157842
0.5114885114885115
0.0
0.9326424870466321
0.8491508491508492
0.5904095904095904
0.0
0.9044117647058824
0.8141858141858141
0.7052947052947053
0.0
0.061938061938061936
0.0
0.0
0.0
0.19344262295081968
0.0
0.0
0.0
0.5268817204301075
0.022977022977022976
0.0
0.0
0.6862745098039216
0.42857142857142855
0.1108891108891109
0.0
0.85
0.7572427572427572
0.4095904095904096
0.0
0.9411764705882353
0.7332667332667333
0.6453546453546454
0.0
0.9155844155844156
0.8351063829787234
0.6373626373626373
0.0
0.0
0.0
0.0
0.0
0.0
0.0
0.0
0.0
0.6453546453546454
0.024975024975024976
0.0
0.0
0.787828947368421
0.5204795204795205
0.0
0.0
0.9010989010989011
0.89
0.4287396937573616
0.0
0.867109634551495
0.7741935483870968
0.6804733727810651
0.0
0.83
0.8141858141858141
0.7172827172827173
0.0
0.0
0.0
0.0
0.0
0.5284715284715285
0.003996003996003996
0.0
0.0
0.84
0.28471528471528473
0.0
0.0
0.7832167832167832
0.5804195804195804
0.03896103896103896
0.0
0.7707006369426752
0.85
0.3596403596403596
0.0
0.91
0.7542457542457542
0.4955044955044955
0.0
0.94
0.8445229681978799
0.780373831775701
0.0
0.0
0.0
0.0
0.0
0.056943056943056944
0.04495504495504495
0.0
0.0
0.31633714880332986
0.0
0.0
0.0
0.7
0.5989445910290238
0.04595404595404595
0.0
0.8536585365853658
0.7448630136986302
0.25874125874125875
0.0
0.79
0.7532467532467533
0.6183816183816184
0.0
0.7336065573770492
0.8527827648114902
0.7272727272727273
0.0
0.1008991008991009
0.0
0.0
0.0
0.03996003996003996
0.0
0.0
0.0
0.46
0.3952020202020202
0.0
0.0
0.8475177304964538
0.7212837837837838
0.0
0.0
0.8567961165048543
0.6713286713286714
0.4115884115884116
0.0
0.8222222222222222
0.7452547452547452
0.5554445554445554
0.0
0.8491446345256609
0.7952380952380952
0.7142857142857143
0.0
0.11988011988011989
0.0
0.0
0.0
0.10589410589410589
0.0
0.0
0.0
0.48951048951048953
0.5560165975103735
0.0
0.0
0.6974664679582713
0.7702297702297702
0.0
0.0
0.8652912621359223
0.6653645833333334
0.2677322677322677
0.0
0.7428571428571429
0.7772227772227772
0.6853146853146853
0.0
0.832
0.8031968031968032
0.7752247752247752
0.0
0.03996003996003996
0.0
0.0
0.0
0.015984015984015984
0.0
0.0
0.0
0.5979202772963604
0.0969030969030969
0.0
0.0
0.7865168539325843
0.6833166833166833
0.0
0.0
0.78
0.8234234234234235
0.25374625374625376
0.0
0.74
0.8027989821882952
0.9523809523809523
0.0
0.86
0.8188405797101449
0.6311389759665622
0.0
0.07692307692307693
0.0
0.0
0.0
0.15384615384615385
0.0
0.0
0.0
0.6503496503496503
0.22677322677322678
0.0
0.0
0.48
0.5374625374625375
0.00999000999000999
0.0
0.78
0.7562437562437563
0.3196803196803197
0.0
0.9064748201438849
0.7532467532467533
0.7052947052947053
0.0
0.8931068931068931
0.8068669527896996
0.7692307692307693
0.0
0.16183816183816183
0.03996003996003996
0.0
0.0
0.15084915084915085
0.0
0.0
0.0
0.06293706293706294
0.23776223776223776
0.0
0.0
0.5575129533678757
0.9256756756756757
0.04895104895104895
0.0
0.85
0.6691842900302115
0.33966033966033965
0.0
0.82
0.7532467532467533
0.5504495504495505
0.0
0.9473684210526315
0.9491525423728814
0.7516339869281046
0.0
0.08491508491508491
0.0
0.0
0.0
0.2017982017982018
0.0
0.0
0.0
0.9
0.1798201798201798
0.0
0.0
0.7293233082706767
0.6653346653346653
0.04495504495504495
0.0
0.8526740665993946
0.6415094339622641
0.3936842105263158
0.0
0.9310344827586207
0.6923076923076923
0.5684315684315684
0.0
0.9204712812960235
0.8811188811188811
0.7192807192807192
0.0
0.060939060939060936
0.0
0.0
0.0
0.26222222222222225
0.0
0.0
0.0
0.743455497382199
0.04495504495504495
0.0
0.0
0.7626459143968871
0.5514485514485514
0.0
0.0
0.8629441624365483
0.7705426356589147
0.8191126279863481
0.0
0.8862793572311496
0.9595375722543352
0.6433566433566433
0.0
0.9383561643835616
0.808235294117647
0.7742257742257742
0.0
0.000999000999000999
0.0
0.0
0.0
0.8951965065502183
0.0
0.0
0.0
0.8198757763975155
0.030969030969030968
0.0
0.0
0.6118067978533095
0.6116071428571429
0.0
0.0
0.6224489795918368
0.6033966033966034
0.37662337662337664
0.0
0.8880597014925373
0.8678815489749431
0.8321167883211679
0.0
0.9113924050632911
0.8341658341658341
0.7655172413793103
0.0
