0.01941747572815533
0.01941747572815533
0.01941747572815533
0.01941747572815533
0.01941747572815533
0.01941747572815533
0.01941747572815533
0.01941747572815533
0.01941747572815533
0.7475728155339806
0.2524271844660194
0.7572815533980582
0.6990291262135923
0.9223300970873787
0.6990291262135923
0.7087378640776699
0.7281553398058253
0.7281553398058253
0.46601941747572817
0.7572815533980582
0.6699029126213591
0.5242718446601942
0.912621359223301
0.7572815533980582
0.9514563106796117
0.9805825242718447
1.0
0.22330097087378642
0.22330097087378642
0.4368932038834952
0.2815533980582524
0.33009708737864074
0.3495145631067961
0.5242718446601942
0.3689320388349514
0.3495145631067961
0.01941747572815533
0.01941747572815533
0.01941747572815533
0.01941747572815533
0.01941747572815533
0.01941747572815533
0.01941747572815533
0.01941747572815533
0.01941747572815533
0.941747572815534
0.2524271844660194
0.6213592233009708
0.7378640776699029
0.6893203883495146
0.9611650485436893
0.7281553398058253
0.8737864077669903
0.7281553398058253
0.22330097087378642
0.7475728155339806
0.9320388349514563
1.0
0.7281553398058253
0.7184466019417476
0.970873786407767
0.7572815533980582
0.970873786407767
0.3106796116504854
0.2912621359223301
0.3106796116504854
0.4077669902912622
0.24271844660194175
0.4854368932038835
0.35922330097087374
0.6116504854368932
0.24271844660194175
0.01941747572815533
0.01941747572815533
0.01941747572815533
0.01941747572815533
0.01941747572815533
0.01941747572815533
0.01941747572815533
0.01941747572815533
0.01941747572815533
0.912621359223301
0.6699029126213591
0.9320388349514563
0.4854368932038835
0.47572815533980584
0.9611650485436893
0.7281553398058253
0.941747572815534
0.9514563106796117
0.23300970873786409
0.9514563106796117
0.9223300970873787
0.7281553398058253
0.9611650485436893
0.9805825242718447
0.9805825242718447
0.6990291262135923
0.9514563106796117
0.3398058252427184
0.35922330097087374
0.47572815533980584
0.3786407766990292
0.3495145631067961
0.6893203883495146
0.19417475728155342
0.3689320388349514
0.38834951456310685
0.01941747572815533
0.01941747572815533
0.01941747572815533
0.01941747572815533
0.01941747572815533
0.01941747572815533
0.01941747572815533
0.01941747572815533
0.01941747572815533
0.9514563106796117
0.2524271844660194
0.4854368932038835
0.9805825242718447
0.47572815533980584
0.4854368932038835
0.7087378640776699
0.7281553398058253
0.6699029126213591
0.8737864077669903
0.9514563106796117
0.8155339805825242
0.883495145631068
0.970873786407767
0.7378640776699029
1.0
0.6893203883495146
0.7281553398058253
0.4368932038834952
0.2524271844660194
0.4368932038834952
0.35922330097087374
0.23300970873786409
0.44660194174757284
0.4077669902912622
0.33009708737864074
0.2524271844660194
0.01941747572815533
0.01941747572815533
0.01941747572815533
0.01941747572815533
0.01941747572815533
0.01941747572815533
0.01941747572815533
0.01941747572815533
0.01941747572815533
0.46601941747572817
0.2524271844660194
0.49514563106796117
0.47572815533980584
0.47572815533980584
0.47572815533980584
0.941747572815534
0.49514563106796117
0.9805825242718447
0.2524271844660194
0.9611650485436893
0.9805825242718447
1.0
0.970873786407767
0.7475728155339806
0.49514563106796117
0.970873786407767
0.7961165048543689
0.3203883495145631
0.3106796116504854
0.41747572815533984
0.38834951456310685
0.24271844660194175
0.2621359223300971
0.6019417475728155
0.38834951456310685
0.2912621359223301
0.01941747572815533
0.01941747572815533
0.01941747572815533
0.01941747572815533
0.01941747572815533
0.01941747572815533
0.01941747572815533
0.01941747572815533
0.01941747572815533
0.47572815533980584
0.7281553398058253
0.4854368932038835
0.9029126213592233
0.9514563106796117
0.9611650485436893
0.4854368932038835
0.6990291262135923
0.9029126213592233
0.6019417475728155
0.883495145631068
0.7475728155339806
0.9902912621359223
0.7475728155339806
0.941747572815534
0.9902912621359223
0.6893203883495146
0.9805825242718447
0.22330097087378642
0.24271844660194175
0.23300970873786409
0.2038834951456311
0.3203883495145631
0.22330097087378642
0.24271844660194175
0.4077669902912622
0.3495145631067961
0.01941747572815533
0.01941747572815533
0.01941747572815533
0.01941747572815533
0.01941747572815533
0.01941747572815533
0.01941747572815533
0.01941747572815533
0.01941747572815533
0.7184466019417476
0.9514563106796117
0.912621359223301
0.7281553398058253
0.4854368932038835
0.9611650485436893
0.7378640776699029
0.4854368932038835
0.7281553398058253
0.9611650485436893
0.7281553398058253
0.7281553398058253
0.9611650485436893
0.9902912621359223
0.9902912621359223
0.9902912621359223
0.970873786407767
0.7475728155339806
0.21359223300970875
0.2621359223300971
0.2621359223300971
0.3495145631067961
0.3495145631067961
0.3980582524271845
0.5242718446601942
0.2815533980582524
0.3980582524271845
0.01941747572815533
0.01941747572815533
0.01941747572815533
0.01941747572815533
0.01941747572815533
0.01941747572815533
0.01941747572815533
0.01941747572815533
0.01941747572815533
0.6990291262135923
0.9320388349514563
0.9611650485436893
0.6990291262135923
0.941747572815534
0.6407766990291262
0.8058252427184466
0.9611650485436893
0.7281553398058253
0.4854368932038835
0.5048543689320388
0.970873786407767
0.9805825242718447
0.2524271844660194
0.9611650485436893
0.9611650485436893
0.9320388349514563
0.970873786407767
0.27184466019417475
0.24271844660194175
0.21359223300970875
0.2912621359223301
0.22330097087378642
0.3106796116504854
0.3689320388349514
0.3106796116504854
0.941747572815534
0.01941747572815533
0.01941747572815533
0.01941747572815533
0.01941747572815533
0.01941747572815533
0.01941747572815533
0.01941747572815533
0.01941747572815533
0.01941747572815533
0.7184466019417476
0.941747572815534
0.3980582524271845
0.7087378640776699
0.4854368932038835
0.7281553398058253
0.6990291262135923
0.7087378640776699
0.7184466019417476
0.4368932038834952
0.9611650485436893
0.9805825242718447
0.9902912621359223
0.7378640776699029
0.9902912621359223
0.883495145631068
0.9805825242718447
0.8932038834951457
0.24271844660194175
0.23300970873786409
0.30097087378640774
0.4854368932038835
0.2524271844660194
0.3786407766990292
0.3786407766990292
0.46601941747572817
0.46601941747572817
0.01941747572815533
0.01941747572815533
0.01941747572815533
0.01941747572815533
0.01941747572815533
0.01941747572815533
0.01941747572815533
0.01941747572815533
0.01941747572815533
0.2524271844660194
0.6990291262135923
0.970873786407767
0.7087378640776699
0.7281553398058253
0.6990291262135923
0.9805825242718447
0.4854368932038835
0.49514563106796117
0.2524271844660194
0.7475728155339806
0.9805825242718447
0.7378640776699029
0.4271844660194175
0.9805825242718447
0.49514563106796117
0.9902912621359223
0.970873786407767
0.2524271844660194
0.2038834951456311
0.3786407766990292
0.38834951456310685
0.33009708737864074
0.6310679611650485
0.35922330097087374
0.2912621359223301
0.2621359223300971
0.01941747572815533
0.01941747572815533
0.01941747572815533
0.01941747572815533
0.01941747572815533
0.01941747572815533
0.01941747572815533
0.01941747572815533
0.01941747572815533
0.7184466019417476
0.9223300970873787
0.5048543689320388
0.6699029126213591
0.9320388349514563
0.941747572815534
0.941747572815534
0.9611650485436893
0.912621359223301
0.19417475728155342
0.9902912621359223
1.0
0.7378640776699029
0.941747572815534
0.9805825242718447
0.9902912621359223
1.0
0.9805825242718447
0.38834951456310685
0.35922330097087374
0.4854368932038835
0.2524271844660194
0.3689320388349514
0.30097087378640774
0.49514563106796117
0.49514563106796117
0.4368932038834952
0.01941747572815533
0.01941747572815533
0.01941747572815533
0.01941747572815533
0.01941747572815533
0.01941747572815533
0.01941747572815533
0.01941747572815533
0.01941747572815533
0.7281553398058253
0.4854368932038835
0.7475728155339806
0.6601941747572815
0.970873786407767
0.4854368932038835
0.7281553398058253
0.883495145631068
0.941747572815534
0.46601941747572817
0.9805825242718447
0.9902912621359223
0.9805825242718447
0.7475728155339806
0.49514563106796117
0.8932038834951457
0.9805825242718447
0.9805825242718447
0.3106796116504854
0.3106796116504854
0.21359223300970875
0.30097087378640774
0.3786407766990292
0.38834951456310685
0.8349514563106796
0.2524271844660194
0.3398058252427184
0.01941747572815533
0.01941747572815533
0.01941747572815533
0.01941747572815533
0.01941747572815533
0.01941747572815533
0.01941747572815533
0.01941747572815533
0.01941747572815533
0.9514563106796117
0.49514563106796117
0.9320388349514563
0.7087378640776699
0.7378640776699029
0.7281553398058253
0.7281553398058253
0.912621359223301
0.9611650485436893
0.2038834951456311
0.9805825242718447
0.9805825242718447
0.9611650485436893
0.7184466019417476
0.9611650485436893
0.9805825242718447
0.9805825242718447
0.9514563106796117
0.4271844660194175
0.2815533980582524
0.3106796116504854
0.22330097087378642
0.7864077669902912
0.23300970873786409
0.33009708737864074
0.30097087378640774
0.21359223300970875
0.01941747572815533
0.01941747572815533
0.01941747572815533
0.01941747572815533
0.01941747572815533
0.01941747572815533
0.01941747572815533
0.01941747572815533
0.01941747572815533
0.6990291262135923
0.7475728155339806
0.7475728155339806
0.7087378640776699
0.8737864077669903
0.4854368932038835
0.941747572815534
0.9223300970873787
0.9514563106796117
0.47572815533980584
0.4854368932038835
0.9805825242718447
0.7184466019417476
0.7475728155339806
0.46601941747572817
0.8932038834951457
0.970873786407767
0.7184466019417476
0.3495145631067961
0.3786407766990292
0.3786407766990292
0.3203883495145631
0.4368932038834952
0.22330097087378642
0.6990291262135923
0.5048543689320388
0.3203883495145631
0.01941747572815533
0.01941747572815533
0.01941747572815533
0.01941747572815533
0.01941747572815533
0.01941747572815533
0.01941747572815533
0.01941747572815533
0.01941747572815533
0.7281553398058253
0.9223300970873787
0.49514563106796117
0.6699029126213591
0.4854368932038835
0.9223300970873787
0.7087378640776699
0.7281553398058253
0.9320388349514563
0.38834951456310685
0.7475728155339806
0.7087378640776699
0.7572815533980582
0.7572815533980582
0.941747572815534
0.7281553398058253
1.0
1.0
0.3203883495145631
0.2621359223300971
0.18446601941747576
0.3689320388349514
0.3980582524271845
0.3398058252427184
0.4854368932038835
0.23300970873786409
0.41747572815533984
0.01941747572815533
0.01941747572815533
0.01941747572815533
0.01941747572815533
0.01941747572815533
0.01941747572815533
0.01941747572815533
0.01941747572815533
0.01941747572815533
0.7378640776699029
0.7475728155339806
0.7281553398058253
0.9223300970873787
0.49514563106796117
0.970873786407767
0.9611650485436893
0.6796116504854368
0.6990291262135923
0.47572815533980584
0.970873786407767
0.9514563106796117
0.941747572815534
0.49514563106796117
0.970873786407767
0.9514563106796117
1.0
0.9514563106796117
0.19417475728155342
0.3106796116504854
0.3106796116504854
0.2524271844660194
0.38834951456310685
0.5825242718446602
0.4854368932038835
0.5533980582524272
0.27184466019417475
0.01941747572815533
0.01941747572815533
0.01941747572815533
0.01941747572815533
0.01941747572815533
0.01941747572815533
0.01941747572815533
0.01941747572815533
0.01941747572815533
0.7378640776699029
0.49514563106796117
0.7184466019417476
0.970873786407767
0.970873786407767
0.8058252427184466
0.941747572815534
0.6213592233009708
0.7184466019417476
0.8446601941747574
0.9902912621359223
0.9902912621359223
0.7184466019417476
0.7378640776699029
0.7475728155339806
0.7572815533980582
0.7281553398058253
0.7184466019417476
0.33009708737864074
0.22330097087378642
0.23300970873786409
0.24271844660194175
0.4563106796116505
0.23300970873786409
0.38834951456310685
0.47572815533980584
0.8737864077669903
0.01941747572815533
0.01941747572815533
0.01941747572815533
0.01941747572815533
0.01941747572815533
0.01941747572815533
0.01941747572815533
0.01941747572815533
0.01941747572815533
0.7378640776699029
0.2524271844660194
0.7378640776699029
0.7378640776699029
0.5048543689320388
0.7184466019417476
0.6990291262135923
0.9611650485436893
0.9611650485436893
0.33009708737864074
0.9805825242718447
0.9902912621359223
0.941747572815534
0.4077669902912622
0.7572815533980582
0.9611650485436893
0.8349514563106796
0.912621359223301
0.38834951456310685
0.44660194174757284
0.3398058252427184
0.38834951456310685
0.6310679611650485
0.41747572815533984
0.6407766990291262
0.6699029126213591
0.47572815533980584
0.01941747572815533
0.01941747572815533
0.01941747572815533
0.01941747572815533
0.01941747572815533
0.01941747572815533
0.01941747572815533
0.01941747572815533
0.01941747572815533
0.7184466019417476
0.970873786407767
0.883495145631068
0.8640776699029127
0.49514563106796117
0.7281553398058253
0.49514563106796117
0.49514563106796117
0.6893203883495146
0.49514563106796117
0.6893203883495146
0.9902912621359223
0.9902912621359223
0.9029126213592233
0.912621359223301
1.0
0.7184466019417476
0.9223300970873787
0.4854368932038835
0.21359223300970875
0.18446601941747576
0.22330097087378642
0.4271844660194175
0.2815533980582524
0.3980582524271845
0.30097087378640774
0.24271844660194175
0.01941747572815533
0.01941747572815533
0.01941747572815533
0.01941747572815533
0.01941747572815533
0.01941747572815533
0.01941747572815533
0.01941747572815533
0.01941747572815533
0.7475728155339806
0.7087378640776699
0.970873786407767
0.9514563106796117
0.41747572815533984
0.6699029126213591
0.7378640776699029
0.9029126213592233
0.7281553398058253
0.24271844660194175
0.970873786407767
0.970873786407767
0.7184466019417476
0.9611650485436893
0.9611650485436893
0.9223300970873787
0.7572815533980582
0.9611650485436893
0.3203883495145631
0.2621359223300971
0.23300970873786409
0.27184466019417475
0.33009708737864074
0.22330097087378642
0.3495145631067961
0.5048543689320388
0.18446601941747576
0.01941747572815533
0.01941747572815533
0.01941747572815533
0.01941747572815533
0.01941747572815533
0.01941747572815533
0.01941747572815533
0.01941747572815533
0.01941747572815533
0.970873786407767
0.47572815533980584
0.5048543689320388
0.6796116504854368
0.7378640776699029
0.49514563106796117
0.7184466019417476
0.9029126213592233
0.9514563106796117
0.8932038834951457
0.7572815533980582
0.7378640776699029
0.9320388349514563
0.9902912621359223
0.9223300970873787
0.970873786407767
0.9902912621359223
0.970873786407767
0.4271844660194175
0.38834951456310685
0.2524271844660194
0.4368932038834952
0.4563106796116505
0.2815533980582524
0.5145631067961165
0.3106796116504854
0.2912621359223301
0.01941747572815533
0.01941747572815533
0.01941747572815533
0.01941747572815533
0.01941747572815533
0.01941747572815533
0.01941747572815533
0.01941747572815533
0.01941747572815533
0.6990291262135923
0.5048543689320388
0.9611650485436893
0.9805825242718447
0.9029126213592233
0.4854368932038835
0.5922330097087378
0.7475728155339806
0.7184466019417476
0.4854368932038835
0.9029126213592233
0.9902912621359223
0.7475728155339806
0.970873786407767
0.9805825242718447
0.9902912621359223
0.9514563106796117
0.9223300970873787
0.27184466019417475
0.2621359223300971
0.5728155339805825
0.23300970873786409
0.6504854368932038
0.5048543689320388
0.35922330097087374
0.4368932038834952
0.3203883495145631
0.01941747572815533
0.01941747572815533
0.01941747572815533
0.01941747572815533
0.01941747572815533
0.01941747572815533
0.01941747572815533
0.01941747572815533
0.01941747572815533
0.7281553398058253
0.46601941747572817
0.49514563106796117
0.4563106796116505
0.7572815533980582
0.7475728155339806
0.7184466019417476
0.7281553398058253
0.6990291262135923
0.44660194174757284
0.7087378640776699
0.9805825242718447
0.912621359223301
0.7475728155339806
0.970873786407767
0.7087378640776699
0.9029126213592233
0.7378640776699029
0.21359223300970875
0.23300970873786409
0.3106796116504854
0.24271844660194175
0.2621359223300971
0.6796116504854368
0.5048543689320388
0.7378640776699029
0.18446601941747576
0.01941747572815533
0.01941747572815533
0.01941747572815533
0.01941747572815533
0.01941747572815533
0.01941747572815533
0.01941747572815533
0.01941747572815533
0.01941747572815533
0.912621359223301
0.9805825242718447
0.6019417475728155
0.6990291262135923
0.7184466019417476
0.2524271844660194
0.9223300970873787
0.9514563106796117
0.44660194174757284
0.883495145631068
0.9805825242718447
0.9902912621359223
0.970873786407767
0.7281553398058253
0.970873786407767
1.0
0.9611650485436893
0.9611650485436893
0.3689320388349514
0.2524271844660194
0.38834951456310685
0.3495145631067961
0.18446601941747576
0.5436893203883495
0.35922330097087374
0.4854368932038835
0.3980582524271845
0.01941747572815533
0.01941747572815533
0.01941747572815533
0.01941747572815533
0.01941747572815533
0.01941747572815533
0.01941747572815533
0.01941747572815533
0.01941747572815533
0.46601941747572817
0.912621359223301
0.7378640776699029
0.6893203883495146
0.7378640776699029
0.970873786407767
0.7281553398058253
0.7184466019417476
0.9223300970873787
0.47572815533980584
0.9805825242718447
0.9805825242718447
0.883495145631068
0.970873786407767
0.970873786407767
0.6990291262135923
0.9514563106796117
0.941747572815534
0.3398058252427184
0.30097087378640774
0.4368932038834952
0.2621359223300971
0.24271844660194175
0.4271844660194175
0.2621359223300971
0.6601941747572815
0.2621359223300971
0.01941747572815533
0.01941747572815533
0.01941747572815533
0.01941747572815533
0.01941747572815533
0.01941747572815533
0.01941747572815533
0.01941747572815533
0.01941747572815533
0.941747572815534
0.4854368932038835
0.47572815533980584
0.49514563106796117
0.7378640776699029
0.9320388349514563
0.5825242718446602
0.6504854368932038
0.4563106796116505
0.6310679611650485
0.9805825242718447
0.9320388349514563
0.8737864077669903
0.7475728155339806
0.9805825242718447
0.9902912621359223
0.970873786407767
0.9805825242718447
0.3106796116504854
0.2621359223300971
0.2912621359223301
0.2912621359223301
0.21359223300970875
0.4271844660194175
0.2912621359223301
0.30097087378640774
0.22330097087378642
0.01941747572815533
0.01941747572815533
0.01941747572815533
0.01941747572815533
0.01941747572815533
0.01941747572815533
0.01941747572815533
0.01941747572815533
0.01941747572815533
0.49514563106796117
0.9611650485436893
0.7281553398058253
0.7475728155339806
0.6893203883495146
0.7087378640776699
0.8058252427184466
0.7475728155339806
0.8446601941747574
1.0
0.970873786407767
0.7475728155339806
0.8932038834951457
0.2524271844660194
0.8932038834951457
0.9902912621359223
0.9223300970873787
0.7281553398058253
0.3980582524271845
0.23300970873786409
0.4854368932038835
0.24271844660194175
0.24271844660194175
0.3398058252427184
0.3106796116504854
0.19417475728155342
0.19417475728155342
0.01941747572815533
0.01941747572815533
0.01941747572815533
0.01941747572815533
0.01941747572815533
0.01941747572815533
0.01941747572815533
0.01941747572815533
0.01941747572815533
0.7378640776699029
0.4854368932038835
0.4854368932038835
0.6990291262135923
0.6990291262135923
0.4854368932038835
0.9223300970873787
0.7087378640776699
0.7281553398058253
0.9320388349514563
0.9902912621359223
0.9611650485436893
0.9902912621359223
1.0
0.970873786407767
0.5048543689320388
0.970873786407767
0.970873786407767
0.4077669902912622
0.3689320388349514
0.27184466019417475
0.19417475728155342
0.5339805825242718
0.3980582524271845
0.4563106796116505
0.6019417475728155
0.38834951456310685
0.01941747572815533
0.01941747572815533
0.01941747572815533
0.01941747572815533
0.01941747572815533
0.01941747572815533
0.01941747572815533
0.01941747572815533
0.01941747572815533
0.49514563106796117
0.970873786407767
0.970873786407767
0.9611650485436893
0.6116504854368932
0.7281553398058253
0.7572815533980582
0.941747572815534
0.7961165048543689
0.7184466019417476
0.7281553398058253
0.941747572815534
0.6990291262135923
0.4854368932038835
0.9611650485436893
0.9320388349514563
0.7572815533980582
1.0
0.4077669902912622
0.27184466019417475
0.41747572815533984
0.35922330097087374
0.24271844660194175
0.7766990291262136
0.7864077669902912
0.41747572815533984
0.4563106796116505
0.01941747572815533
0.01941747572815533
0.01941747572815533
0.01941747572815533
0.01941747572815533
0.01941747572815533
0.01941747572815533
0.01941747572815533
0.01941747572815533
0.47572815533980584
0.23300970873786409
0.9611650485436893
0.6601941747572815
0.6796116504854368
0.6601941747572815
0.7378640776699029
0.7281553398058253
0.941747572815534
0.1747572815533981
0.6407766990291262
0.9902912621359223
0.7378640776699029
0.49514563106796117
0.7378640776699029
0.9805825242718447
0.7572815533980582
0.9611650485436893
0.19417475728155342
0.3106796116504854
0.3106796116504854
0.22330097087378642
0.44660194174757284
0.2038834951456311
0.8252427184466019
0.3786407766990292
0.4563106796116505
0.01941747572815533
0.01941747572815533
0.01941747572815533
0.01941747572815533
0.01941747572815533
0.01941747572815533
0.01941747572815533
0.01941747572815533
0.01941747572815533
0.49514563106796117
0.7378640776699029
0.7281553398058253
0.7281553398058253
0.7475728155339806
0.9029126213592233
0.49514563106796117
0.9514563106796117
0.9902912621359223
0.4271844660194175
0.7378640776699029
0.9805825242718447
0.5048543689320388
0.5048543689320388
0.9805825242718447
0.7572815533980582
0.9805825242718447
0.9611650485436893
0.3495145631067961
0.3495145631067961
0.3689320388349514
0.22330097087378642
0.21359223300970875
0.27184466019417475
0.5728155339805825
0.5242718446601942
0.5436893203883495
0.01941747572815533
0.01941747572815533
0.01941747572815533
0.01941747572815533
0.01941747572815533
0.01941747572815533
0.01941747572815533
0.01941747572815533
0.01941747572815533
0.2524271844660194
0.4854368932038835
0.6796116504854368
0.6990291262135923
0.6407766990291262
0.7087378640776699
0.7378640776699029
0.7378640776699029
0.2524271844660194
0.6310679611650485
0.970873786407767
0.7281553398058253
0.970873786407767
0.7184466019417476
0.7572815533980582
0.7378640776699029
0.9805825242718447
0.970873786407767
0.44660194174757284
0.2815533980582524
0.41747572815533984
0.5339805825242718
0.2912621359223301
0.30097087378640774
0.27184466019417475
0.5436893203883495
0.5048543689320388
0.01941747572815533
0.01941747572815533
0.01941747572815533
0.01941747572815533
0.01941747572815533
0.01941747572815533
0.01941747572815533
0.01941747572815533
0.01941747572815533
0.7184466019417476
0.9320388349514563
0.9611650485436893
0.6990291262135923
0.9514563106796117
0.9029126213592233
0.883495145631068
0.7087378640776699
0.7087378640776699
0.4854368932038835
0.9805825242718447
0.9805825242718447
0.9514563106796117
0.970873786407767
0.7281553398058253
0.7378640776699029
0.8737864077669903
0.941747572815534
0.3106796116504854
0.2038834951456311
0.2524271844660194
0.2038834951456311
0.35922330097087374
0.4368932038834952
0.23300970873786409
0.4563106796116505
0.3398058252427184
0.01941747572815533
0.01941747572815533
0.01941747572815533
0.01941747572815533
0.01941747572815533
0.01941747572815533
0.01941747572815533
0.01941747572815533
0.01941747572815533
0.9320388349514563
0.9611650485436893
0.9611650485436893
0.7184466019417476
0.46601941747572817
0.5048543689320388
0.7087378640776699
0.49514563106796117
0.7281553398058253
0.7281553398058253
0.9902912621359223
0.9902912621359223
0.9611650485436893
0.7572815533980582
0.9805825242718447
0.7087378640776699
0.7475728155339806
0.9902912621359223
0.30097087378640774
0.2912621359223301
0.3106796116504854
0.33009708737864074
0.41747572815533984
0.47572815533980584
0.38834951456310685
0.47572815533980584
0.2524271844660194
0.01941747572815533
0.01941747572815533
0.01941747572815533
0.01941747572815533
0.01941747572815533
0.01941747572815533
0.01941747572815533
0.01941747572815533
0.01941747572815533
0.8737864077669903
0.4368932038834952
0.9611650485436893
0.9611650485436893
0.912621359223301
0.7378640776699029
0.4854368932038835
0.7378640776699029
0.4854368932038835
0.5048543689320388
0.9611650485436893
0.9805825242718447
1.0
0.6990291262135923
0.9611650485436893
0.9805825242718447
0.9805825242718447
0.970873786407767
0.2815533980582524
0.27184466019417475
0.24271844660194175
0.35922330097087374
0.2524271844660194
0.3495145631067961
0.5242718446601942
0.46601941747572817
0.35922330097087374
0.01941747572815533
0.01941747572815533
0.01941747572815533
0.01941747572815533
0.01941747572815533
0.01941747572815533
0.01941747572815533
0.01941747572815533
0.01941747572815533
0.7281553398058253
0.9320388349514563
0.6019417475728155
0.6893203883495146
0.9805825242718447
0.7184466019417476
0.8640776699029127
0.9514563106796117
0.970873786407767
0.883495145631068
1.0
0.9805825242718447
0.970873786407767
0.9902912621359223
0.7475728155339806
0.9029126213592233
0.7572815533980582
0.7281553398058253
0.2038834951456311
0.22330097087378642
0.2524271844660194
0.33009708737864074
0.2621359223300971
0.2621359223300971
0.6019417475728155
0.7184466019417476
0.24271844660194175
0.01941747572815533
0.01941747572815533
0.01941747572815533
0.01941747572815533
0.01941747572815533
0.01941747572815533
0.01941747572815533
0.01941747572815533
0.01941747572815533
0.7378640776699029
0.9805825242718447
0.9611650485436893
0.9514563106796117
0.9223300970873787
0.9514563106796117
0.941747572815534
0.9029126213592233
0.6796116504854368
0.46601941747572817
0.7475728155339806
0.7475728155339806
0.912621359223301
0.9902912621359223
0.49514563106796117
0.9805825242718447
0.9514563106796117
0.9029126213592233
0.33009708737864074
0.23300970873786409
0.2912621359223301
0.3786407766990292
0.5533980582524272
0.5145631067961165
0.44660194174757284
0.3203883495145631
0.21359223300970875
0.01941747572815533
0.01941747572815533
0.01941747572815533
0.01941747572815533
0.01941747572815533
0.01941747572815533
0.01941747572815533
0.01941747572815533
0.01941747572815533
0.7475728155339806
0.7281553398058253
0.4854368932038835
0.9514563106796117
0.941747572815534
0.47572815533980584
0.4854368932038835
0.7281553398058253
0.7378640776699029
0.4563106796116505
0.970873786407767
0.970873786407767
0.6796116504854368
0.8932038834951457
0.970873786407767
0.970873786407767
0.7378640776699029
0.7378640776699029
0.3689320388349514
0.4368932038834952
0.3203883495145631
0.3980582524271845
0.2912621359223301
0.3398058252427184
0.24271844660194175
0.4368932038834952
0.5145631067961165
0.01941747572815533
0.01941747572815533
0.01941747572815533
0.01941747572815533
0.01941747572815533
0.01941747572815533
0.01941747572815533
0.01941747572815533
0.01941747572815533
0.7281553398058253
0.4854368932038835
0.970873786407767
0.7378640776699029
0.7475728155339806
0.7378640776699029
0.970873786407767
0.9611650485436893
0.6796116504854368
0.2038834951456311
0.9902912621359223
0.7281553398058253
0.9611650485436893
0.7378640776699029
0.7087378640776699
0.9805825242718447
0.9805825242718447
0.9902912621359223
0.3786407766990292
0.2815533980582524
0.22330097087378642
0.2912621359223301
0.5825242718446602
0.4563106796116505
0.21359223300970875
0.2524271844660194
0.2912621359223301
0.01941747572815533
0.01941747572815533
0.01941747572815533
0.01941747572815533
0.01941747572815533
0.01941747572815533
0.01941747572815533
0.01941747572815533
0.01941747572815533
0.49514563106796117
0.7087378640776699
0.7281553398058253
0.7087378640776699
0.5048543689320388
0.883495145631068
0.7281553398058253
0.9611650485436893
0.9611650485436893
0.4368932038834952
0.9902912621359223
0.9902912621359223
0.970873786407767
0.6990291262135923
0.9223300970873787
0.9611650485436893
0.9902912621359223
0.9805825242718447
0.24271844660194175
0.2524271844660194
0.3495145631067961
0.3398058252427184
0.24271844660194175
0.6310679611650485
0.970873786407767
0.5922330097087378
0.44660194174757284
0.01941747572815533
0.01941747572815533
0.01941747572815533
0.01941747572815533
0.01941747572815533
0.01941747572815533
0.01941747572815533
0.01941747572815533
0.01941747572815533
0.941747572815534
0.7378640776699029
0.49514563106796117
0.7378640776699029
0.2524271844660194
0.7378640776699029
0.4854368932038835
0.49514563106796117
0.7378640776699029
0.4854368932038835
0.7184466019417476
0.9805825242718447
0.9805825242718447
0.970873786407767
0.5048543689320388
0.7378640776699029
0.7378640776699029
0.7669902912621359
0.23300970873786409
0.35922330097087374
0.22330097087378642
0.4563106796116505
0.38834951456310685
0.4563106796116505
0.2524271844660194
0.6310679611650485
0.46601941747572817
0.01941747572815533
0.01941747572815533
0.01941747572815533
0.01941747572815533
0.01941747572815533
0.01941747572815533
0.01941747572815533
0.01941747572815533
0.01941747572815533
0.47572815533980584
0.7475728155339806
0.5048543689320388
0.7184466019417476
0.7281553398058253
0.49514563106796117
0.6893203883495146
0.970873786407767
0.941747572815534
0.46601941747572817
0.9805825242718447
0.49514563106796117
0.7572815533980582
0.970873786407767
0.7184466019417476
0.9805825242718447
0.9902912621359223
0.9902912621359223
0.21359223300970875
0.3398058252427184
0.3106796116504854
0.3106796116504854
0.3980582524271845
0.3980582524271845
0.4368932038834952
0.5048543689320388
0.24271844660194175
0.01941747572815533
0.01941747572815533
0.01941747572815533
0.01941747572815533
0.01941747572815533
0.01941747572815533
0.01941747572815533
0.01941747572815533
0.01941747572815533
0.912621359223301
0.9320388349514563
0.7087378640776699
0.912621359223301
0.9029126213592233
0.9611650485436893
0.6796116504854368
0.6990291262135923
0.6407766990291262
0.4368932038834952
0.941747572815534
0.970873786407767
0.7378640776699029
0.2621359223300971
0.9902912621359223
0.970873786407767
0.970873786407767
0.9223300970873787
0.3980582524271845
0.2524271844660194
0.22330097087378642
0.21359223300970875
0.3106796116504854
0.47572815533980584
0.5922330097087378
0.4271844660194175
0.4854368932038835
0.01941747572815533
0.01941747572815533
0.01941747572815533
0.01941747572815533
0.01941747572815533
0.01941747572815533
0.01941747572815533
0.01941747572815533
0.01941747572815533
0.6407766990291262
0.8058252427184466
0.7475728155339806
0.9611650485436893
0.7475728155339806
0.7572815533980582
0.7184466019417476
0.970873786407767
0.7281553398058253
1.0
0.7378640776699029
0.7184466019417476
0.941747572815534
0.9514563106796117
0.970873786407767
1.0
0.7281553398058253
0.9223300970873787
0.22330097087378642
0.3398058252427184
0.22330097087378642
0.3203883495145631
0.33009708737864074
0.5631067961165048
0.4563106796116505
0.33009708737864074
0.33009708737864074
0.01941747572815533
0.01941747572815533
0.01941747572815533
0.01941747572815533
0.01941747572815533
0.01941747572815533
0.01941747572815533
0.01941747572815533
0.01941747572815533
0.7378640776699029
0.9805825242718447
0.5048543689320388
0.7281553398058253
0.6796116504854368
0.9805825242718447
0.7087378640776699
0.912621359223301
0.912621359223301
0.44660194174757284
0.9611650485436893
0.9611650485436893
0.7281553398058253
0.7669902912621359
0.9805825242718447
0.9805825242718447
0.9223300970873787
0.7572815533980582
0.23300970873786409
0.21359223300970875
0.4271844660194175
0.3106796116504854
0.22330097087378642
0.2038834951456311
0.47572815533980584
0.21359223300970875
0.44660194174757284
0.01941747572815533
0.01941747572815533
0.01941747572815533
0.01941747572815533
0.01941747572815533
0.01941747572815533
0.01941747572815533
0.01941747572815533
0.01941747572815533
0.6990291262135923
0.5048543689320388
0.8640776699029127
0.912621359223301
0.9805825242718447
0.6796116504854368
0.970873786407767
0.7184466019417476
0.9805825242718447
0.46601941747572817
0.970873786407767
0.9805825242718447
0.7475728155339806
0.7281553398058253
0.9611650485436893
0.970873786407767
0.970873786407767
0.970873786407767
0.18446601941747576
0.2912621359223301
0.23300970873786409
0.35922330097087374
0.46601941747572817
0.44660194174757284
0.5533980582524272
0.19417475728155342
0.7669902912621359
0.01941747572815533
0.01941747572815533
0.01941747572815533
0.01941747572815533
0.01941747572815533
0.01941747572815533
0.01941747572815533
0.01941747572815533
0.01941747572815533
0.47572815533980584
0.941747572815534
0.9611650485436893
0.6893203883495146
0.9902912621359223
0.9320388349514563
0.7281553398058253
0.7572815533980582
0.7378640776699029
0.4563106796116505
0.9902912621359223
0.9805825242718447
0.970873786407767
0.5048543689320388
0.9805825242718447
0.9223300970873787
0.7669902912621359
0.970873786407767
0.3980582524271845
0.3495145631067961
0.3689320388349514
0.41747572815533984
0.2912621359223301
0.2815533980582524
0.3786407766990292
0.4368932038834952
0.6601941747572815
0.01941747572815533
0.01941747572815533
0.01941747572815533
0.01941747572815533
0.01941747572815533
0.01941747572815533
0.01941747572815533
0.01941747572815533
0.01941747572815533
0.970873786407767
0.7184466019417476
0.8932038834951457
0.883495145631068
0.9320388349514563
0.6796116504854368
0.6213592233009708
0.7184466019417476
0.6796116504854368
0.23300970873786409
0.9805825242718447
0.883495145631068
0.941747572815534
0.970873786407767
0.9805825242718447
0.9805825242718447
0.970873786407767
0.9805825242718447
0.3495145631067961
0.21359223300970875
0.18446601941747576
0.22330097087378642
0.6407766990291262
0.2815533980582524
0.4563106796116505
0.5728155339805825
0.2524271844660194
0.01941747572815533
0.01941747572815533
0.01941747572815533
0.01941747572815533
0.01941747572815533
0.01941747572815533
0.01941747572815533
0.01941747572815533
0.01941747572815533
0.4854368932038835
0.4563106796116505
0.9514563106796117
0.8932038834951457
0.8737864077669903
0.970873786407767
0.7184466019417476
0.47572815533980584
0.9514563106796117
0.7281553398058253
0.5048543689320388
0.9902912621359223
0.8932038834951457
0.7378640776699029
0.9902912621359223
0.9902912621359223
0.970873786407767
0.9805825242718447
0.3689320388349514
0.3398058252427184
0.2524271844660194
0.35922330097087374
0.35922330097087374
0.23300970873786409
0.23300970873786409
0.2912621359223301
0.3786407766990292
0.01941747572815533
0.01941747572815533
0.01941747572815533
0.01941747572815533
0.01941747572815533
0.01941747572815533
0.01941747572815533
0.01941747572815533
0.01941747572815533
0.912621359223301
0.49514563106796117
0.4563106796116505
0.9514563106796117
0.970873786407767
0.9611650485436893
0.7378640776699029
0.941747572815534
0.8932038834951457
0.9902912621359223
0.9514563106796117
0.941747572815534
0.9902912621359223
0.9611650485436893
0.9514563106796117
0.970873786407767
0.7184466019417476
0.9902912621359223
0.24271844660194175
0.2524271844660194
0.46601941747572817
0.35922330097087374
0.3106796116504854
0.30097087378640774
0.6796116504854368
0.49514563106796117
0.5242718446601942
