50000.0
50000.0
50000.0
50000.0
50000.0
50000.0
50000.0
50000.0
50000.0
50000.0
50000.0
50000.0
50000.0
50000.0
50000.0
50000.0
50000.0
50000.0
17546.0
50000.0
50000.0
50000.0
50000.0
50000.0
50000.0
50000.0
34884.0
113.0
111.0
109.0
99.0
99.0
99.0
149.0
127.0
99.0
50000.0
50000.0
50000.0
50000.0
50000.0
50000.0
50000.0
50000.0
50000.0
50000.0
50000.0
50000.0
50000.0
50000.0
50000.0
50000.0
50000.0
50000.0
7271.0
50000.0
50000.0
36287.0
50000.0
50000.0
50000.0
50000.0
50000.0
99.0
99.0
104.0
109.0
99.0
159.0
116.0
272.0
99.0
50000.0
50000.0
50000.0
50000.0
50000.0
50000.0
50000.0
50000.0
50000.0
50000.0
50000.0
50000.0
50000.0
50000.0
50000.0
50000.0
50000.0
50000.0
5147.0
50000.0
50000.0
50000.0
50000.0
50000.0
50000.0
50000.0
50000.0
99.0
99.0
124.0
119.0
119.0
487.0
99.0
99.0
99.0
50000.0
50000.0
50000.0
50000.0
50000.0
50000.0
50000.0
50000.0
50000.0
50000.0
50000.0
50000.0
50000.0
50000.0
50000.0
50000.0
50000.0
50000.0
38629.0
50000.0
50000.0
50000.0
50000.0
50000.0
47758.0
50000.0
50000.0
99.0
102.0
124.0
109.0
119.0
452.0
150.0
169.0
187.0
50000.0
50000.0
50000.0
50000.0
50000.0
50000.0
50000.0
50000.0
50000.0
50000.0
50000.0
50000.0
50000.0
50000.0
50000.0
50000.0
50000.0
50000.0
10272.0
50000.0
50000.0
34514.0
50000.0
50000.0
50000.0
50000.0
50000.0
99.0
99.0
114.0
99.0
189.0
192.0
303.0
225.0
139.0
50000.0
50000.0
50000.0
50000.0
50000.0
50000.0
50000.0
50000.0
50000.0
50000.0
50000.0
50000.0
50000.0
50000.0
50000.0
50000.0
50000.0
50000.0
9345.0
50000.0
50000.0
50000.0
50000.0
50000.0
50000.0
50000.0
50000.0
105.0
108.0
109.0
99.0
119.0
108.0
99.0
99.0
270.0
50000.0
50000.0
50000.0
50000.0
50000.0
50000.0
50000.0
50000.0
50000.0
50000.0
50000.0
50000.0
50000.0
50000.0
50000.0
50000.0
50000.0
50000.0
16341.0
50000.0
50000.0
50000.0
50000.0
50000.0
50000.0
50000.0
50000.0
111.0
99.0
99.0
109.0
114.0
138.0
199.0
99.0
175.0
50000.0
50000.0
50000.0
50000.0
50000.0
50000.0
50000.0
50000.0
50000.0
50000.0
50000.0
50000.0
50000.0
50000.0
50000.0
50000.0
50000.0
50000.0
9901.0
50000.0
50000.0
50000.0
50000.0
50000.0
50000.0
50000.0
50000.0
99.0
108.0
104.0
99.0
99.0
99.0
120.0
99.0
623.0
50000.0
50000.0
50000.0
50000.0
50000.0
50000.0
50000.0
50000.0
50000.0
50000.0
50000.0
50000.0
50000.0
50000.0
50000.0
50000.0
50000.0
50000.0
7938.0
50000.0
50000.0
50000.0
50000.0
50000.0
50000.0
50000.0
50000.0
99.0
102.0
104.0
159.0
199.0
193.0
212.0
99.0
297.0
50000.0
50000.0
50000.0
50000.0
50000.0
50000.0
50000.0
50000.0
50000.0
50000.0
50000.0
50000.0
50000.0
50000.0
50000.0
50000.0
50000.0
50000.0
9651.0
50000.0
50000.0
50000.0
50000.0
50000.0
50000.0
50000.0
50000.0
99.0
102.0
99.0
99.0
99.0
262.0
180.0
123.0
99.0
50000.0
50000.0
50000.0
50000.0
50000.0
50000.0
50000.0
50000.0
50000.0
50000.0
50000.0
50000.0
50000.0
50000.0
50000.0
50000.0
50000.0
50000.0
1005.0
50000.0
44072.0
50000.0
50000.0
50000.0
50000.0
48188.0
50000.0
103.0
99.0
114.0
99.0
139.0
99.0
163.0
604.0
146.0
50000.0
50000.0
50000.0
50000.0
50000.0
50000.0
50000.0
50000.0
50000.0
50000.0
50000.0
50000.0
50000.0
50000.0
50000.0
50000.0
50000.0
50000.0
8687.0
50000.0
50000.0
50000.0
50000.0
50000.0
50000.0
50000.0
50000.0
99.0
99.0
114.0
99.0
119.0
99.0
560.0
99.0
128.0
50000.0
50000.0
50000.0
50000.0
50000.0
50000.0
50000.0
50000.0
50000.0
50000.0
50000.0
50000.0
50000.0
50000.0
50000.0
50000.0
50000.0
50000.0
1334.0
50000.0
50000.0
50000.0
50000.0
50000.0
50000.0
50000.0
50000.0
101.0
105.0
99.0
99.0
339.0
129.0
99.0
174.0
99.0
50000.0
50000.0
50000.0
50000.0
50000.0
50000.0
50000.0
50000.0
50000.0
50000.0
50000.0
50000.0
50000.0
50000.0
50000.0
50000.0
50000.0
50000.0
12447.0
50000.0
50000.0
50000.0
50000.0
50000.0
50000.0
50000.0
50000.0
101.0
117.0
104.0
109.0
162.0
99.0
364.0
294.0
152.0
50000.0
50000.0
50000.0
50000.0
50000.0
50000.0
50000.0
50000.0
50000.0
50000.0
50000.0
50000.0
50000.0
50000.0
50000.0
50000.0
50000.0
50000.0
7572.0
50000.0
50000.0
50000.0
50000.0
50000.0
50000.0
34862.0
45940.0
103.0
105.0
119.0
145.0
236.0
134.0
251.0
99.0
209.0
50000.0
50000.0
50000.0
50000.0
50000.0
50000.0
50000.0
50000.0
50000.0
50000.0
50000.0
50000.0
50000.0
50000.0
50000.0
50000.0
50000.0
50000.0
28054.0
50000.0
50000.0
50000.0
50000.0
50000.0
50000.0
48032.0
50000.0
103.0
102.0
104.0
113.0
139.0
357.0
144.0
410.0
225.0
50000.0
50000.0
50000.0
50000.0
50000.0
50000.0
50000.0
50000.0
50000.0
50000.0
50000.0
50000.0
50000.0
50000.0
50000.0
50000.0
50000.0
50000.0
12649.0
50000.0
50000.0
50000.0
50000.0
50000.0
50000.0
50000.0
50000.0
99.0
105.0
118.0
109.0
192.0
99.0
149.0
229.0
324.0
50000.0
50000.0
50000.0
50000.0
50000.0
50000.0
50000.0
50000.0
50000.0
50000.0
50000.0
50000.0
50000.0
50000.0
50000.0
50000.0
50000.0
50000.0
1276.0
50000.0
50000.0
50000.0
50000.0
50000.0
50000.0
50000.0
50000.0
99.0
99.0
121.0
179.0
233.0
129.0
174.0
332.0
179.0
50000.0
50000.0
50000.0
50000.0
50000.0
50000.0
50000.0
50000.0
50000.0
50000.0
50000.0
50000.0
50000.0
50000.0
50000.0
50000.0
50000.0
50000.0
21593.0
50000.0
50000.0
50000.0
50000.0
50000.0
46528.0
50000.0
50000.0
101.0
132.0
121.0
129.0
140.0
129.0
128.0
117.0
163.0
50000.0
50000.0
50000.0
50000.0
50000.0
50000.0
50000.0
50000.0
50000.0
50000.0
50000.0
50000.0
50000.0
50000.0
50000.0
50000.0
50000.0
50000.0
3065.0
50000.0
50000.0
50000.0
50000.0
50000.0
50000.0
50000.0
50000.0
103.0
120.0
114.0
99.0
162.0
99.0
139.0
162.0
116.0
50000.0
50000.0
50000.0
50000.0
50000.0
50000.0
50000.0
50000.0
50000.0
50000.0
50000.0
50000.0
50000.0
50000.0
50000.0
50000.0
50000.0
50000.0
20843.0
50000.0
50000.0
50000.0
50000.0
50000.0
50000.0
50000.0
50000.0
105.0
102.0
124.0
109.0
124.0
99.0
171.0
99.0
99.0
50000.0
50000.0
50000.0
50000.0
50000.0
50000.0
50000.0
50000.0
50000.0
50000.0
50000.0
50000.0
50000.0
50000.0
50000.0
50000.0
50000.0
50000.0
14154.0
50000.0
50000.0
50000.0
50000.0
50000.0
50000.0
50000.0
50000.0
99.0
102.0
144.0
119.0
174.0
170.0
99.0
99.0
99.0
50000.0
50000.0
50000.0
50000.0
50000.0
50000.0
50000.0
50000.0
50000.0
50000.0
50000.0
50000.0
50000.0
50000.0
50000.0
50000.0
50000.0
50000.0
8418.0
50000.0
50000.0
50000.0
50000.0
50000.0
50000.0
50000.0
50000.0
99.0
108.0
103.0
129.0
247.0
293.0
254.0
320.0
99.0
50000.0
50000.0
50000.0
50000.0
50000.0
50000.0
50000.0
50000.0
50000.0
50000.0
50000.0
50000.0
50000.0
50000.0
50000.0
50000.0
50000.0
50000.0
12815.0
50000.0
50000.0
50000.0
50000.0
50000.0
33526.0
50000.0
50000.0
107.0
111.0
109.0
99.0
99.0
298.0
99.0
175.0
118.0
50000.0
50000.0
50000.0
50000.0
50000.0
50000.0
50000.0
50000.0
50000.0
50000.0
50000.0
50000.0
50000.0
50000.0
50000.0
50000.0
50000.0
50000.0
14377.0
50000.0
50000.0
50000.0
50000.0
50000.0
50000.0
50000.0
50000.0
103.0
99.0
109.0
99.0
119.0
169.0
127.0
408.0
257.0
50000.0
50000.0
50000.0
50000.0
50000.0
50000.0
50000.0
50000.0
50000.0
50000.0
50000.0
50000.0
50000.0
50000.0
50000.0
50000.0
50000.0
50000.0
14904.0
50000.0
50000.0
50000.0
50000.0
50000.0
50000.0
50000.0
50000.0
101.0
117.0
99.0
99.0
99.0
181.0
223.0
99.0
99.0
50000.0
50000.0
50000.0
50000.0
50000.0
50000.0
50000.0
50000.0
50000.0
50000.0
50000.0
50000.0
50000.0
50000.0
50000.0
50000.0
50000.0
50000.0
34241.0
50000.0
50000.0
50000.0
50000.0
50000.0
50000.0
50000.0
50000.0
99.0
105.0
99.0
139.0
119.0
99.0
208.0
99.0
99.0
50000.0
50000.0
50000.0
50000.0
50000.0
50000.0
50000.0
50000.0
50000.0
50000.0
50000.0
50000.0
50000.0
50000.0
50000.0
50000.0
50000.0
50000.0
50000.0
50000.0
50000.0
50000.0
36112.0
50000.0
50000.0
50000.0
50000.0
103.0
99.0
99.0
99.0
279.0
152.0
248.0
345.0
99.0
50000.0
50000.0
50000.0
50000.0
50000.0
50000.0
50000.0
50000.0
50000.0
50000.0
50000.0
50000.0
50000.0
50000.0
50000.0
50000.0
50000.0
50000.0
29361.0
50000.0
50000.0
50000.0
50000.0
50000.0
50000.0
50000.0
47137.0
99.0
99.0
104.0
119.0
99.0
275.0
311.0
258.0
154.0
50000.0
50000.0
50000.0
50000.0
50000.0
50000.0
50000.0
50000.0
50000.0
50000.0
50000.0
50000.0
50000.0
50000.0
50000.0
50000.0
50000.0
50000.0
2396.0
50000.0
50000.0
50000.0
50000.0
50000.0
50000.0
50000.0
50000.0
119.0
102.0
104.0
99.0
169.0
120.0
484.0
133.0
349.0
50000.0
50000.0
50000.0
50000.0
50000.0
50000.0
50000.0
50000.0
50000.0
50000.0
50000.0
50000.0
50000.0
50000.0
50000.0
50000.0
50000.0
50000.0
6593.0
50000.0
50000.0
50000.0
50000.0
50000.0
50000.0
50000.0
50000.0
103.0
99.0
99.0
159.0
119.0
99.0
248.0
190.0
164.0
50000.0
50000.0
50000.0
50000.0
50000.0
50000.0
50000.0
50000.0
50000.0
50000.0
50000.0
50000.0
50000.0
50000.0
50000.0
50000.0
50000.0
50000.0
10212.0
50000.0
50000.0
50000.0
50000.0
50000.0
50000.0
50000.0
50000.0
103.0
99.0
104.0
159.0
99.0
99.0
99.0
244.0
245.0
50000.0
50000.0
50000.0
50000.0
50000.0
50000.0
50000.0
50000.0
50000.0
50000.0
50000.0
50000.0
50000.0
50000.0
50000.0
50000.0
50000.0
50000.0
11753.0
50000.0
50000.0
50000.0
50000.0
50000.0
50000.0
50000.0
50000.0
99.0
117.0
134.0
109.0
134.0
147.0
99.0
146.0
99.0
50000.0
50000.0
50000.0
50000.0
50000.0
50000.0
50000.0
50000.0
50000.0
50000.0
50000.0
50000.0
50000.0
50000.0
50000.0
50000.0
50000.0
50000.0
14920.0
50000.0
50000.0
50000.0
50000.0
50000.0
50000.0
50000.0
50000.0
103.0
99.0
104.0
169.0
163.0
203.0
182.0
211.0
99.0
50000.0
50000.0
50000.0
50000.0
50000.0
50000.0
50000.0
50000.0
50000.0
50000.0
50000.0
50000.0
50000.0
50000.0
50000.0
50000.0
50000.0
50000.0
10240.0
50000.0
50000.0
38701.0
50000.0
50000.0
50000.0
50000.0
50000.0
99.0
99.0
109.0
109.0
262.0
129.0
188.0
168.0
145.0
50000.0
50000.0
50000.0
50000.0
50000.0
50000.0
50000.0
50000.0
50000.0
50000.0
50000.0
50000.0
50000.0
50000.0
50000.0
50000.0
50000.0
50000.0
20713.0
41121.0
50000.0
50000.0
50000.0
50000.0
50000.0
50000.0
50000.0
107.0
111.0
117.0
99.0
99.0
129.0
899.0
397.0
99.0
50000.0
50000.0
50000.0
50000.0
50000.0
50000.0
50000.0
50000.0
50000.0
50000.0
50000.0
50000.0
50000.0
50000.0
50000.0
50000.0
50000.0
50000.0
14021.0
50000.0
50000.0
50000.0
50000.0
50000.0
50000.0
50000.0
50000.0
99.0
105.0
99.0
129.0
165.0
156.0
206.0
130.0
99.0
50000.0
50000.0
50000.0
50000.0
50000.0
50000.0
50000.0
50000.0
50000.0
50000.0
50000.0
50000.0
50000.0
50000.0
50000.0
50000.0
50000.0
50000.0
13854.0
50000.0
50000.0
50000.0
50000.0
50000.0
50000.0
50000.0
50000.0
103.0
123.0
104.0
199.0
139.0
99.0
210.0
99.0
168.0
50000.0
50000.0
50000.0
50000.0
50000.0
50000.0
50000.0
50000.0
50000.0
50000.0
50000.0
50000.0
50000.0
50000.0
50000.0
50000.0
50000.0
50000.0
2155.0
50000.0
50000.0
50000.0
50000.0
50000.0
50000.0
50000.0
50000.0
129.0
102.0
99.0
109.0
346.0
253.0
99.0
99.0
99.0
50000.0
50000.0
50000.0
50000.0
50000.0
50000.0
50000.0
50000.0
50000.0
50000.0
50000.0
50000.0
50000.0
50000.0
50000.0
50000.0
50000.0
50000.0
3743.0
50000.0
50000.0
50000.0
50000.0
50000.0
50000.0
50000.0
50000.0
99.0
102.0
124.0
99.0
179.0
267.0
599.0
211.0
164.0
50000.0
50000.0
50000.0
50000.0
50000.0
50000.0
50000.0
50000.0
50000.0
50000.0
50000.0
50000.0
50000.0
50000.0
50000.0
50000.0
50000.0
50000.0
12659.0
50000.0
50000.0
50000.0
50000.0
50000.0
50000.0
50000.0
50000.0
101.0
102.0
99.0
109.0
119.0
104.0
140.0
262.0
667.0
50000.0
50000.0
50000.0
50000.0
50000.0
50000.0
50000.0
50000.0
50000.0
50000.0
50000.0
50000.0
50000.0
50000.0
50000.0
50000.0
50000.0
50000.0
13697.0
50000.0
50000.0
50000.0
50000.0
50000.0
50000.0
50000.0
50000.0
99.0
108.0
134.0
99.0
99.0
188.0
152.0
232.0
137.0
50000.0
50000.0
50000.0
50000.0
50000.0
50000.0
50000.0
50000.0
50000.0
50000.0
50000.0
50000.0
50000.0
50000.0
50000.0
50000.0
50000.0
50000.0
4095.0
50000.0
50000.0
50000.0
50000.0
50000.0
50000.0
50000.0
50000.0
107.0
99.0
99.0
109.0
104.0
294.0
332.0
216.0
99.0
50000.0
50000.0
50000.0
50000.0
50000.0
50000.0
50000.0
50000.0
50000.0
50000.0
50000.0
50000.0
50000.0
50000.0
50000.0
50000.0
50000.0
50000.0
49210.0
50000.0
50000.0
50000.0
50000.0
50000.0
46113.0
50000.0
50000.0
101.0
99.0
119.0
129.0
99.0
211.0
170.0
99.0
99.0
50000.0
50000.0
50000.0
50000.0
50000.0
50000.0
50000.0
50000.0
50000.0
50000.0
50000.0
50000.0
50000.0
50000.0
50000.0
50000.0
50000.0
50000.0
10213.0
50000.0
50000.0
50000.0
50000.0
50000.0
50000.0
50000.0
50000.0
109.0
99.0
114.0
149.0
179.0
99.0
119.0
99.0
109.0
50000.0
50000.0
50000.0
50000.0
50000.0
50000.0
50000.0
50000.0
50000.0
50000.0
50000.0
50000.0
50000.0
50000.0
50000.0
50000.0
50000.0
50000.0
17780.0
50000.0
50000.0
50000.0
50000.0
50000.0
50000.0
50000.0
50000.0
103.0
114.0
124.0
118.0
99.0
174.0
271.0
110.0
392.0
50000.0
50000.0
50000.0
50000.0
50000.0
50000.0
50000.0
50000.0
50000.0
50000.0
50000.0
50000.0
50000.0
50000.0
50000.0
50000.0
50000.0
50000.0
6506.0
50000.0
50000.0
50000.0
50000.0
50000.0
50000.0
50000.0
50000.0
99.0
111.0
104.0
135.0
99.0
99.0
99.0
231.0
216.0
50000.0
50000.0
50000.0
50000.0
50000.0
50000.0
50000.0
50000.0
50000.0
50000.0
50000.0
50000.0
50000.0
50000.0
50000.0
50000.0
50000.0
50000.0
2182.0
50000.0
50000.0
50000.0
50000.0
50000.0
50000.0
50000.0
50000.0
101.0
99.0
99.0
139.0
243.0
99.0
128.0
301.0
99.0
50000.0
50000.0
50000.0
50000.0
50000.0
50000.0
50000.0
50000.0
50000.0
50000.0
50000.0
50000.0
50000.0
50000.0
50000.0
50000.0
50000.0
50000.0
25858.0
50000.0
50000.0
50000.0
50000.0
50000.0
50000.0
50000.0
50000.0
103.0
99.0
174.0
142.0
139.0
99.0
99.0
99.0
130.0
50000.0
50000.0
50000.0
50000.0
50000.0
50000.0
50000.0
50000.0
50000.0
50000.0
50000.0
50000.0
50000.0
50000.0
50000.0
50000.0
50000.0
50000.0
34981.0
50000.0
50000.0
50000.0
50000.0
50000.0
50000.0
50000.0
50000.0
109.0
102.0
130.0
109.0
107.0
99.0
373.0
174.0
253.0
