0.030000000000000027
0.030000000000000027
0.030000000000000027
0.030000000000000027
0.030000000000000027
0.030000000000000027
0.030000000000000027
0.030000000000000027
0.030000000000000027
0.53
0.38
0.32999999999999996
0.32999999999999996
0.26
0.28
0.27
0.28
0.28
0.99
0.41000000000000003
0.4
0.33999999999999997
0.28
0.41000000000000003
0.37
0.35
0.28
0.99
0.99
0.99
0.99
0.99
0.99
0.99
0.99
0.99
0.030000000000000027
0.030000000000000027
0.030000000000000027
0.030000000000000027
0.030000000000000027
0.030000000000000027
0.030000000000000027
0.030000000000000027
0.030000000000000027
0.5
0.31999999999999995
0.30000000000000004
0.28
0.26
0.26
0.28
0.28
0.36
0.99
0.44999999999999996
0.35
0.33999999999999997
0.27
0.30000000000000004
0.32999999999999996
0.39
0.30000000000000004
0.99
0.99
0.99
0.99
0.99
0.99
0.99
0.99
0.99
0.030000000000000027
0.030000000000000027
0.030000000000000027
0.030000000000000027
0.030000000000000027
0.030000000000000027
0.030000000000000027
0.030000000000000027
0.030000000000000027
0.51
0.44999999999999996
0.39
0.27
0.27
0.31000000000000005
0.41000000000000003
0.24
0.29000000000000004
0.99
0.48
0.33999999999999997
0.33999999999999997
0.36
0.39
0.33999999999999997
0.28
0.30000000000000004
0.99
0.99
0.99
0.99
0.99
0.99
0.99
0.99
0.99
0.030000000000000027
0.030000000000000027
0.030000000000000027
0.030000000000000027
0.030000000000000027
0.030000000000000027
0.030000000000000027
0.030000000000000027
0.030000000000000027
0.55
0.33999999999999997
0.28
0.21999999999999997
0.22999999999999998
0.25
0.22999999999999998
0.26
0.28
0.99
0.43000000000000005
0.38
0.31999999999999995
0.31999999999999995
0.29000000000000004
0.4
0.37
0.39
0.99
0.99
0.99
0.99
0.99
0.99
0.99
0.99
0.99
0.030000000000000027
0.030000000000000027
0.030000000000000027
0.030000000000000027
0.030000000000000027
0.030000000000000027
0.030000000000000027
0.030000000000000027
0.030000000000000027
0.5
0.32999999999999996
0.26
0.28
0.31000000000000005
0.30000000000000004
0.28
0.32999999999999996
0.35
0.99
0.44999999999999996
0.33999999999999997
0.43999999999999995
0.36
0.31000000000000005
0.30000000000000004
0.4
0.43999999999999995
0.99
0.99
0.99
0.99
0.99
0.99
0.99
0.99
0.99
0.030000000000000027
0.030000000000000027
0.030000000000000027
0.030000000000000027
0.030000000000000027
0.030000000000000027
0.030000000000000027
0.030000000000000027
0.030000000000000027
0.54
0.39
0.26
0.27
0.29000000000000004
0.25
0.22999999999999998
0.30000000000000004
0.30000000000000004
0.99
0.41000000000000003
0.31999999999999995
0.36
0.38
0.33999999999999997
0.31999999999999995
0.31999999999999995
0.30000000000000004
0.99
0.99
0.99
0.99
0.99
0.99
0.99
0.99
0.99
0.030000000000000027
0.030000000000000027
0.030000000000000027
0.030000000000000027
0.030000000000000027
0.030000000000000027
0.030000000000000027
0.030000000000000027
0.030000000000000027
0.65
0.29000000000000004
0.25
0.28
0.26
0.26
0.27
0.25
0.31000000000000005
0.99
0.47
0.4
0.33999999999999997
0.38
0.32999999999999996
0.43000000000000005
0.31999999999999995
0.32999999999999996
0.99
0.99
0.99
0.99
0.99
0.99
0.99
0.99
0.99
0.030000000000000027
0.030000000000000027
0.030000000000000027
0.030000000000000027
0.030000000000000027
0.030000000000000027
0.030000000000000027
0.030000000000000027
0.030000000000000027
0.55
0.32999999999999996
0.27
0.25
0.32999999999999996
0.33999999999999997
0.26
0.24
0.31999999999999995
0.99
0.55
0.42000000000000004
0.31999999999999995
0.32999999999999996
0.31000000000000005
0.45999999999999996
0.35
0.31999999999999995
0.99
0.99
0.99
0.99
0.99
0.99
0.99
0.99
0.99
0.030000000000000027
0.030000000000000027
0.030000000000000027
0.030000000000000027
0.030000000000000027
0.030000000000000027
0.030000000000000027
0.030000000000000027
0.030000000000000027
0.51
0.31000000000000005
0.38
0.27
0.29000000000000004
0.29000000000000004
0.35
0.25
0.31999999999999995
0.99
0.49
0.32999999999999996
0.35
0.30000000000000004
0.37
0.30000000000000004
0.38
0.32999999999999996
0.99
0.99
0.99
0.99
0.99
0.99
0.99
0.99
0.99
0.030000000000000027
0.030000000000000027
0.030000000000000027
0.030000000000000027
0.030000000000000027
0.030000000000000027
0.030000000000000027
0.030000000000000027
0.030000000000000027
0.49
0.38
0.22999999999999998
0.30000000000000004
0.31999999999999995
0.31000000000000005
0.31999999999999995
0.32999999999999996
0.30000000000000004
0.99
0.53
0.29000000000000004
0.28
0.38
0.28
0.33999999999999997
0.31000000000000005
0.44999999999999996
0.99
0.99
0.99
0.99
0.99
0.99
0.99
0.99
0.99
0.030000000000000027
0.030000000000000027
0.030000000000000027
0.030000000000000027
0.030000000000000027
0.030000000000000027
0.030000000000000027
0.030000000000000027
0.030000000000000027
0.56
0.33999999999999997
0.30000000000000004
0.32999999999999996
0.31000000000000005
0.31000000000000005
0.27
0.31999999999999995
0.41000000000000003
0.99
0.38
0.36
0.43000000000000005
0.39
0.37
0.32999999999999996
0.32999999999999996
0.31000000000000005
0.99
0.99
0.99
0.99
0.99
0.99
0.99
0.99
0.99
0.030000000000000027
0.030000000000000027
0.030000000000000027
0.030000000000000027
0.030000000000000027
0.030000000000000027
0.030000000000000027
0.030000000000000027
0.030000000000000027
0.44999999999999996
0.27
0.43000000000000005
0.30000000000000004
0.27
0.26
0.28
0.33999999999999997
0.25
0.99
0.43000000000000005
0.32999999999999996
0.42000000000000004
0.31999999999999995
0.42000000000000004
0.44999999999999996
0.33999999999999997
0.32999999999999996
0.99
0.99
0.99
0.99
0.99
0.99
0.99
0.99
0.99
0.030000000000000027
0.030000000000000027
0.030000000000000027
0.030000000000000027
0.030000000000000027
0.030000000000000027
0.030000000000000027
0.030000000000000027
0.030000000000000027
0.65
0.28
0.27
0.25
0.35
0.30000000000000004
0.28
0.29000000000000004
0.30000000000000004
0.99
0.5
0.32999999999999996
0.39
0.36
0.32999999999999996
0.35
0.53
0.39
0.99
0.99
0.99
0.99
0.99
0.99
0.99
0.99
0.99
0.030000000000000027
0.030000000000000027
0.030000000000000027
0.030000000000000027
0.030000000000000027
0.030000000000000027
0.030000000000000027
0.030000000000000027
0.030000000000000027
0.43999999999999995
0.36
0.30000000000000004
0.32999999999999996
0.29000000000000004
0.25
0.25
0.31000000000000005
0.29000000000000004
0.99
0.36
0.36
0.44999999999999996
0.37
0.42000000000000004
0.30000000000000004
0.22999999999999998
0.31000000000000005
0.99
0.99
0.99
0.99
0.99
0.99
0.99
0.99
0.99
0.030000000000000027
0.030000000000000027
0.030000000000000027
0.030000000000000027
0.030000000000000027
0.030000000000000027
0.030000000000000027
0.030000000000000027
0.030000000000000027
0.5
0.28
0.31999999999999995
0.25
0.25
0.28
0.24
0.30000000000000004
0.29000000000000004
0.99
0.43999999999999995
0.33999999999999997
0.28
0.32999999999999996
0.44999999999999996
0.38
0.28
0.31999999999999995
0.99
0.99
0.99
0.99
0.99
0.99
0.99
0.99
0.99
0.030000000000000027
0.030000000000000027
0.030000000000000027
0.030000000000000027
0.030000000000000027
0.030000000000000027
0.030000000000000027
0.030000000000000027
0.030000000000000027
0.72
0.39
0.26
0.33999999999999997
0.26
0.22999999999999998
0.33999999999999997
0.22999999999999998
0.28
0.99
0.43999999999999995
0.29000000000000004
0.35
0.31000000000000005
0.36
0.43000000000000005
0.29000000000000004
0.31999999999999995
0.99
0.99
0.99
0.99
0.99
0.99
0.99
0.99
0.99
0.030000000000000027
0.030000000000000027
0.030000000000000027
0.030000000000000027
0.030000000000000027
0.030000000000000027
0.030000000000000027
0.030000000000000027
0.030000000000000027
0.47
0.29000000000000004
0.28
0.30000000000000004
0.26
0.38
0.26
0.26
0.24
0.99
0.37
0.37
0.31000000000000005
0.30000000000000004
0.36
0.36
0.35
0.35
0.99
0.99
0.99
0.99
0.99
0.99
0.99
0.99
0.99
0.030000000000000027
0.030000000000000027
0.030000000000000027
0.030000000000000027
0.030000000000000027
0.030000000000000027
0.030000000000000027
0.030000000000000027
0.030000000000000027
0.64
0.38
0.31999999999999995
0.25
0.27
0.28
0.26
0.30000000000000004
0.39
0.99
0.39
0.33999999999999997
0.38
0.31999999999999995
0.30000000000000004
0.38
0.30000000000000004
0.39
0.99
0.99
0.99
0.99
0.99
0.99
0.99
0.99
0.99
0.030000000000000027
0.030000000000000027
0.030000000000000027
0.030000000000000027
0.030000000000000027
0.030000000000000027
0.030000000000000027
0.030000000000000027
0.030000000000000027
0.54
0.43000000000000005
0.29000000000000004
0.25
0.39
0.26
0.28
0.29000000000000004
0.31000000000000005
0.99
0.39
0.5800000000000001
0.31999999999999995
0.37
0.38
0.37
0.4
0.31999999999999995
0.99
0.99
0.99
0.99
0.99
0.99
0.99
0.99
0.99
0.030000000000000027
0.030000000000000027
0.030000000000000027
0.030000000000000027
0.030000000000000027
0.030000000000000027
0.030000000000000027
0.030000000000000027
0.030000000000000027
0.52
0.43999999999999995
0.35
0.26
0.31000000000000005
0.26
0.44999999999999996
0.25
0.25
0.99
0.45999999999999996
0.43999999999999995
0.33999999999999997
0.32999999999999996
0.31000000000000005
0.37
0.30000000000000004
0.31000000000000005
0.99
0.99
0.99
0.99
0.99
0.99
0.99
0.99
0.99
0.030000000000000027
0.030000000000000027
0.030000000000000027
0.030000000000000027
0.030000000000000027
0.030000000000000027
0.030000000000000027
0.030000000000000027
0.030000000000000027
0.53
0.31000000000000005
0.30000000000000004
0.35
0.30000000000000004
0.38
0.28
0.27
0.28
0.99
0.4
0.35
0.36
0.39
0.41000000000000003
0.32999999999999996
0.37
0.30000000000000004
0.99
0.99
0.99
0.99
0.99
0.99
0.99
0.99
0.99
0.030000000000000027
0.030000000000000027
0.030000000000000027
0.030000000000000027
0.030000000000000027
0.030000000000000027
0.030000000000000027
0.030000000000000027
0.030000000000000027
0.74
0.30000000000000004
0.27
0.21999999999999997
0.28
0.28
0.32999999999999996
0.26
0.31999999999999995
0.99
0.43000000000000005
0.36
0.31000000000000005
0.4
0.36
0.33999999999999997
0.37
0.38
0.99
0.99
0.99
0.99
0.99
0.99
0.99
0.99
0.99
0.030000000000000027
0.030000000000000027
0.030000000000000027
0.030000000000000027
0.030000000000000027
0.030000000000000027
0.030000000000000027
0.030000000000000027
0.030000000000000027
0.8200000000000001
0.32999999999999996
0.31999999999999995
0.28
0.32999999999999996
0.35
0.30000000000000004
0.26
0.31000000000000005
0.99
0.42000000000000004
0.35
0.35
0.36
0.31999999999999995
0.32999999999999996
0.35
0.32999999999999996
0.99
0.99
0.99
0.99
0.99
0.99
0.99
0.99
0.99
0.030000000000000027
0.030000000000000027
0.030000000000000027
0.030000000000000027
0.030000000000000027
0.030000000000000027
0.030000000000000027
0.030000000000000027
0.030000000000000027
0.45999999999999996
0.28
0.30000000000000004
0.28
0.31000000000000005
0.27
0.30000000000000004
0.26
0.30000000000000004
0.99
0.41000000000000003
0.30000000000000004
0.27
0.31999999999999995
0.31999999999999995
0.31999999999999995
0.29000000000000004
0.35
0.99
0.99
0.99
0.99
0.99
0.99
0.99
0.99
0.99
0.030000000000000027
0.030000000000000027
0.030000000000000027
0.030000000000000027
0.030000000000000027
0.030000000000000027
0.030000000000000027
0.030000000000000027
0.030000000000000027
0.5
0.31000000000000005
0.31999999999999995
0.31999999999999995
0.20999999999999996
0.31000000000000005
0.25
0.22999999999999998
0.30000000000000004
0.99
0.54
0.42000000000000004
0.47
0.30000000000000004
0.33999999999999997
0.31999999999999995
0.35
0.31999999999999995
0.99
0.99
0.99
0.99
0.99
0.99
0.99
0.99
0.99
0.030000000000000027
0.030000000000000027
0.030000000000000027
0.030000000000000027
0.030000000000000027
0.030000000000000027
0.030000000000000027
0.030000000000000027
0.030000000000000027
0.52
0.29000000000000004
0.30000000000000004
0.29000000000000004
0.28
0.36
0.21999999999999997
0.30000000000000004
0.29000000000000004
0.99
0.42000000000000004
0.41000000000000003
0.42000000000000004
0.39
0.36
0.29000000000000004
0.35
0.31000000000000005
0.99
0.99
0.99
0.99
0.99
0.99
0.99
0.99
0.99
0.030000000000000027
0.030000000000000027
0.030000000000000027
0.030000000000000027
0.030000000000000027
0.030000000000000027
0.030000000000000027
0.030000000000000027
0.030000000000000027
0.62
0.30000000000000004
0.25
0.28
0.25
0.25
0.25
0.31999999999999995
0.29000000000000004
0.97
0.4
0.36
0.31999999999999995
0.29000000000000004
0.31999999999999995
0.31999999999999995
0.31999999999999995
0.31000000000000005
0.99
0.99
0.99
0.99
0.99
0.99
0.99
0.99
0.99
0.030000000000000027
0.030000000000000027
0.030000000000000027
0.030000000000000027
0.030000000000000027
0.030000000000000027
0.030000000000000027
0.030000000000000027
0.030000000000000027
0.56
0.39
0.31000000000000005
0.26
0.25
0.29000000000000004
0.28
0.24
0.22999999999999998
0.95
0.38
0.42000000000000004
0.32999999999999996
0.30000000000000004
0.33999999999999997
0.33999999999999997
0.4
0.29000000000000004
0.99
0.99
0.99
0.99
0.99
0.99
0.99
0.99
0.99
0.030000000000000027
0.030000000000000027
0.030000000000000027
0.030000000000000027
0.030000000000000027
0.030000000000000027
0.030000000000000027
0.030000000000000027
0.030000000000000027
0.54
0.31000000000000005
0.26
0.31000000000000005
0.28
0.26
0.29000000000000004
0.28
0.31999999999999995
0.99
0.41000000000000003
0.41000000000000003
0.36
0.31999999999999995
0.31000000000000005
0.28
0.31000000000000005
0.32999999999999996
0.99
0.99
0.99
0.99
0.99
0.99
0.99
0.99
0.99
0.030000000000000027
0.030000000000000027
0.030000000000000027
0.030000000000000027
0.030000000000000027
0.030000000000000027
0.030000000000000027
0.030000000000000027
0.030000000000000027
0.47
0.31999999999999995
0.27
0.28
0.27
0.29000000000000004
0.42000000000000004
0.29000000000000004
0.31000000000000005
0.99
0.38
0.41000000000000003
0.30000000000000004
0.47
0.33999999999999997
0.33999999999999997
0.37
0.36
0.99
0.99
0.99
0.99
0.99
0.99
0.99
0.99
0.99
0.030000000000000027
0.030000000000000027
0.030000000000000027
0.030000000000000027
0.030000000000000027
0.030000000000000027
0.030000000000000027
0.030000000000000027
0.030000000000000027
0.56
0.25
0.28
0.31000000000000005
0.28
0.25
0.31999999999999995
0.30000000000000004
0.26
0.99
0.37
0.39
0.30000000000000004
0.28
0.38
0.33999999999999997
0.31999999999999995
0.33999999999999997
0.99
0.99
0.99
0.99
0.99
0.99
0.99
0.99
0.99
0.030000000000000027
0.030000000000000027
0.030000000000000027
0.030000000000000027
0.030000000000000027
0.030000000000000027
0.030000000000000027
0.030000000000000027
0.030000000000000027
0.6
0.33999999999999997
0.29000000000000004
0.32999999999999996
0.28
0.27
0.28
0.29000000000000004
0.31999999999999995
0.99
0.41000000000000003
0.41000000000000003
0.37
0.35
0.31000000000000005
0.36
0.31999999999999995
0.32999999999999996
0.99
0.99
0.99
0.99
0.99
0.99
0.99
0.99
0.99
0.030000000000000027
0.030000000000000027
0.030000000000000027
0.030000000000000027
0.030000000000000027
0.030000000000000027
0.030000000000000027
0.030000000000000027
0.030000000000000027
0.6699999999999999
0.39
0.26
0.31999999999999995
0.27
0.28
0.26
0.25
0.25
0.99
0.37
0.38
0.31000000000000005
0.29000000000000004
0.32999999999999996
0.31000000000000005
0.31999999999999995
0.38
0.99
0.99
0.99
0.99
0.99
0.99
0.99
0.99
0.99
0.030000000000000027
0.030000000000000027
0.030000000000000027
0.030000000000000027
0.030000000000000027
0.030000000000000027
0.030000000000000027
0.030000000000000027
0.030000000000000027
0.71
0.29000000000000004
0.30000000000000004
0.32999999999999996
0.31000000000000005
0.24
0.28
0.22999999999999998
0.30000000000000004
0.99
0.41000000000000003
0.37
0.43000000000000005
0.27
0.33999999999999997
0.33999999999999997
0.32999999999999996
0.36
0.99
0.99
0.99
0.99
0.99
0.99
0.99
0.99
0.99
0.030000000000000027
0.030000000000000027
0.030000000000000027
0.030000000000000027
0.030000000000000027
0.030000000000000027
0.030000000000000027
0.030000000000000027
0.030000000000000027
0.52
0.31999999999999995
0.28
0.22999999999999998
0.36
0.25
0.37
0.29000000000000004
0.31000000000000005
0.99
0.45999999999999996
0.36
0.33999999999999997
0.42000000000000004
0.29000000000000004
0.31999999999999995
0.36
0.31999999999999995
0.99
0.99
0.99
0.99
0.99
0.99
0.99
0.99
0.99
0.030000000000000027
0.030000000000000027
0.030000000000000027
0.030000000000000027
0.030000000000000027
0.030000000000000027
0.030000000000000027
0.030000000000000027
0.030000000000000027
0.43999999999999995
0.41000000000000003
0.25
0.4
0.37
0.31999999999999995
0.29000000000000004
0.27
0.26
0.99
0.42000000000000004
0.36
0.39
0.27
0.30000000000000004
0.31000000000000005
0.30000000000000004
0.29000000000000004
0.99
0.99
0.99
0.99
0.99
0.99
0.99
0.99
0.99
0.030000000000000027
0.030000000000000027
0.030000000000000027
0.030000000000000027
0.030000000000000027
0.030000000000000027
0.030000000000000027
0.030000000000000027
0.030000000000000027
0.64
0.32999999999999996
0.29000000000000004
0.32999999999999996
0.26
0.28
0.29000000000000004
0.29000000000000004
0.32999999999999996
0.99
0.39
0.33999999999999997
0.43999999999999995
0.32999999999999996
0.35
0.43000000000000005
0.36
0.31000000000000005
0.99
0.99
0.99
0.99
0.99
0.99
0.99
0.99
0.99
0.030000000000000027
0.030000000000000027
0.030000000000000027
0.030000000000000027
0.030000000000000027
0.030000000000000027
0.030000000000000027
0.030000000000000027
0.030000000000000027
0.54
0.31999999999999995
0.38
0.37
0.31000000000000005
0.27
0.31999999999999995
0.25
0.31000000000000005
0.99
0.49
0.35
0.37
0.33999999999999997
0.43000000000000005
0.30000000000000004
0.35
0.41000000000000003
0.99
0.99
0.99
0.99
0.99
0.99
0.99
0.99
0.99
0.030000000000000027
0.030000000000000027
0.030000000000000027
0.030000000000000027
0.030000000000000027
0.030000000000000027
0.030000000000000027
0.030000000000000027
0.030000000000000027
0.55
0.29000000000000004
0.27
0.30000000000000004
0.25
0.30000000000000004
0.29000000000000004
0.31999999999999995
0.36
0.99
0.43999999999999995
0.32999999999999996
0.4
0.31999999999999995
0.31999999999999995
0.26
0.30000000000000004
0.30000000000000004
0.99
0.99
0.99
0.99
0.99
0.99
0.99
0.99
0.99
0.030000000000000027
0.030000000000000027
0.030000000000000027
0.030000000000000027
0.030000000000000027
0.030000000000000027
0.030000000000000027
0.030000000000000027
0.030000000000000027
0.55
0.31999999999999995
0.29000000000000004
0.29000000000000004
0.28
0.31000000000000005
0.28
0.30000000000000004
0.29000000000000004
0.99
0.47
0.43999999999999995
0.31000000000000005
0.35
0.36
0.39
0.31000000000000005
0.38
0.99
0.99
0.99
0.99
0.99
0.99
0.99
0.99
0.99
0.030000000000000027
0.030000000000000027
0.030000000000000027
0.030000000000000027
0.030000000000000027
0.030000000000000027
0.030000000000000027
0.030000000000000027
0.030000000000000027
0.75
0.32999999999999996
0.29000000000000004
0.31000000000000005
0.37
0.25
0.33999999999999997
0.28
0.24
0.99
0.47
0.38
0.43000000000000005
0.31999999999999995
0.32999999999999996
0.33999999999999997
0.42000000000000004
0.29000000000000004
0.99
0.99
0.99
0.99
0.99
0.99
0.99
0.99
0.99
0.030000000000000027
0.030000000000000027
0.030000000000000027
0.030000000000000027
0.030000000000000027
0.030000000000000027
0.030000000000000027
0.030000000000000027
0.030000000000000027
0.55
0.29000000000000004
0.27
0.31000000000000005
0.30000000000000004
0.31999999999999995
0.4
0.21999999999999997
0.28
0.99
0.42000000000000004
0.33999999999999997
0.35
0.31000000000000005
0.31999999999999995
0.37
0.36
0.29000000000000004
0.99
0.99
0.99
0.99
0.99
0.99
0.99
0.99
0.99
0.030000000000000027
0.030000000000000027
0.030000000000000027
0.030000000000000027
0.030000000000000027
0.030000000000000027
0.030000000000000027
0.030000000000000027
0.030000000000000027
0.52
0.32999999999999996
0.32999999999999996
0.25
0.27
0.25
0.33999999999999997
0.27
0.28
0.99
0.39
0.36
0.26
0.32999999999999996
0.32999999999999996
0.33999999999999997
0.37
0.30000000000000004
0.99
0.99
0.99
0.99
0.99
0.99
0.99
0.99
0.99
0.030000000000000027
0.030000000000000027
0.030000000000000027
0.030000000000000027
0.030000000000000027
0.030000000000000027
0.030000000000000027
0.030000000000000027
0.030000000000000027
0.48
0.32999999999999996
0.37
0.41000000000000003
0.25
0.35
0.21999999999999997
0.26
0.28
0.98
0.51
0.31000000000000005
0.31000000000000005
0.32999999999999996
0.42000000000000004
0.31999999999999995
0.29000000000000004
0.32999999999999996
0.99
0.99
0.99
0.99
0.99
0.99
0.99
0.99
0.99
0.030000000000000027
0.030000000000000027
0.030000000000000027
0.030000000000000027
0.030000000000000027
0.030000000000000027
0.030000000000000027
0.030000000000000027
0.030000000000000027
0.45999999999999996
0.30000000000000004
0.27
0.27
0.31999999999999995
0.24
0.28
0.24
0.37
0.99
0.45999999999999996
0.42000000000000004
0.36
0.35
0.29000000000000004
0.33999999999999997
0.31999999999999995
0.39
0.99
0.99
0.99
0.99
0.99
0.99
0.99
0.99
0.99
0.030000000000000027
0.030000000000000027
0.030000000000000027
0.030000000000000027
0.030000000000000027
0.030000000000000027
0.030000000000000027
0.030000000000000027
0.030000000000000027
0.48
0.33999999999999997
0.28
0.24
0.30000000000000004
0.28
0.33999999999999997
0.29000000000000004
0.29000000000000004
0.99
0.51
0.44999999999999996
0.31000000000000005
0.35
0.43999999999999995
0.32999999999999996
0.31999999999999995
0.36
0.99
0.99
0.99
0.99
0.99
0.99
0.99
0.99
0.99
0.030000000000000027
0.030000000000000027
0.030000000000000027
0.030000000000000027
0.030000000000000027
0.030000000000000027
0.030000000000000027
0.030000000000000027
0.030000000000000027
0.51
0.28
0.35
0.28
0.22999999999999998
0.25
0.24
0.28
0.30000000000000004
0.99
0.47
0.31999999999999995
0.30000000000000004
0.31999999999999995
0.31000000000000005
0.33999999999999997
0.27
0.35
0.99
0.99
0.99
0.99
0.99
0.99
0.99
0.99
0.99
0.030000000000000027
0.030000000000000027
0.030000000000000027
0.030000000000000027
0.030000000000000027
0.030000000000000027
0.030000000000000027
0.030000000000000027
0.030000000000000027
0.45999999999999996
0.33999999999999997
0.27
0.28
0.31000000000000005
0.28
0.28
0.31000000000000005
0.28
0.99
0.39
0.33999999999999997
0.36
0.36
0.29000000000000004
0.31999999999999995
0.36
0.27
0.99
0.99
0.99
0.99
0.99
0.99
0.99
0.99
0.99
0.030000000000000027
0.030000000000000027
0.030000000000000027
0.030000000000000027
0.030000000000000027
0.030000000000000027
0.030000000000000027
0.030000000000000027
0.030000000000000027
0.52
0.27
0.30000000000000004
0.24
0.30000000000000004
0.27
0.27
0.27
0.35
0.99
0.45999999999999996
0.35
0.33999999999999997
0.32999999999999996
0.32999999999999996
0.27
0.31000000000000005
0.44999999999999996
0.99
0.99
0.99
0.99
0.99
0.99
0.99
0.99
0.99
0.030000000000000027
0.030000000000000027
0.030000000000000027
0.030000000000000027
0.030000000000000027
0.030000000000000027
0.030000000000000027
0.030000000000000027
0.030000000000000027
0.65
0.30000000000000004
0.29000000000000004
0.25
0.30000000000000004
0.33999999999999997
0.25
0.31999999999999995
0.22999999999999998
0.99
0.5
0.41000000000000003
0.39
0.4
0.31999999999999995
0.29000000000000004
0.38
0.33999999999999997
0.99
0.99
0.99
0.99
0.99
0.99
0.99
0.99
0.99
