Experiment Name	Epoch	EpRet	TestEpRet	EpLen	TestEpLen	TotalEnvInteracts	Q1Vals	Q2Vals	LogPi	LossPi	LossQ	std	Time
ant_eg_r1_a0_eps_010_1	1	86.01724	176.8	86.01724	176.8	9999	48.313046	48.31523	420.4583	-51.25046	24.33218	2.2968616	171.23815441131592
ant_eg_r1_a0_eps_010_1	2	86.39655	690.4	86.39655	690.4	19999	466.35266	466.34204	802.67267	-488.33356	1823.7476	2.7712507	366.19518065452576
ant_eg_r1_a0_eps_010_1	3	174.2807	118.2	174.2807	118.2	29999	1164.2368	1164.2198	692.32623	-1180.8483	9966.037	4.2461896	584.8313801288605
ant_eg_r1_a0_eps_010_1	4	170.30188	569.4	170.30188	569.4	39999	1076.9413	1076.9218	404.4121	-1082.5573	9593.548	4.334945	815.403146982193
ant_eg_r1_a0_eps_010_1	5	960.0909	1896.6	960.0909	1896.6	49999	860.7624	860.7484	357.04144	-865.814	4389.658	3.6960518	1084.0191247463226
ant_eg_r1_a0_eps_010_1	6	2617.5	1193.4	2617.5	1193.4	59999	832.9513	832.9446	313.76035	-838.1343	2743.3206	3.6957083	1338.368330001831
ant_eg_r1_a0_eps_010_1	7	1951.25	1571.4	1951.25	1571.4	69999	828.8007	828.7881	310.03427	-833.8864	1966.2625	3.6954086	1602.348751783371
ant_eg_r1_a0_eps_010_1	8	3330.3333	1596.4	3330.3333	1596.4	79999	845.5607	845.55475	317.73242	-850.089	1620.0697	3.6945777	1872.282957315445
ant_eg_r1_a0_eps_010_1	9	2762.0	2072.8	2762.0	2072.8	89999	866.31964	866.3085	316.94717	-870.572	1387.7822	3.6945686	2147.4496064186096
ant_eg_r1_a0_eps_010_1	10	1895.4	2161.8	1895.4	2161.8	99999	895.2669	895.2552	314.74786	-899.1854	1274.2122	3.5961149	2425.915960073471
ant_eg_r1_a0_eps_010_1	11	872.46155	2446.4	872.46155	2446.4	109999	903.12634	903.1141	293.93234	-906.4094	1412.2375	2.7475905	2707.8395800590515
ant_eg_r1_a0_eps_010_1	12	2358.25	1589.0	2358.25	1589.0	119999	913.274	913.2644	261.6962	-916.7555	1396.0815	1.2258797	2966.646507024765
ant_eg_r1_a0_eps_010_1	13	2687.0	979.8	2687.0	979.8	129999	944.80505	944.7949	196.67882	-948.3293	1213.3488	0.8665413	3217.293573617935
ant_eg_r1_a0_eps_010_1	14	1215.2858	765.8	1215.2858	765.8	139999	989.23816	989.233	112.46454	-992.934	1091.8936	0.110109195	3465.9969391822815
ant_eg_r1_a0_eps_010_1	15	1948.2	2330.4	1948.2	2330.4	149999	1043.819	1043.8154	76.92869	-1047.7925	1002.2324	0.050882764	3737.041732788086
ant_eg_r1_a0_eps_010_1	16	1568.0	1300.8	1568.0	1300.8	159999	1102.5609	1102.5594	66.40085	-1106.586	940.0652	0.019542303	3997.318519115448
ant_eg_r1_a0_eps_010_1	17	1331.125	639.4	1331.125	639.4	169999	1155.0205	1155.0176	67.74981	-1158.8167	898.9679	0.0048646266	4250.200237989426
ant_eg_r1_a0_eps_010_1	18	1141.5	3172.6	1141.5	3172.6	179999	1199.6128	1199.61	70.21128	-1203.3811	892.5864	0.003176373	4543.000540733337
ant_eg_r1_a0_eps_010_1	19	1625.8	1365.0	1625.8	1365.0	189999	1233.7767	1233.7736	70.097664	-1237.2634	918.3569	0.0038702285	4799.946718454361
ant_eg_r1_a0_eps_010_1	20	1751.7142	1156.8	1751.7142	1156.8	199999	1259.5673	1259.566	76.26455	-1262.7771	939.64	0.00265511	5053.302489757538
ant_eg_r1_a0_eps_010_1	21	1282.75	1151.2	1282.75	1151.2	209999	1273.9835	1273.9823	76.31419	-1276.9968	981.5307	0.0025560616	5305.598160505295
ant_eg_r1_a0_eps_010_1	22	1581.8	1462.4	1581.8	1462.4	219999	1284.1035	1284.1039	78.19349	-1286.8568	945.3928	0.0022886966	5561.138425350189
ant_eg_r1_a0_eps_010_1	23	3089.75	2423.8	3089.75	2423.8	229999	1288.8427	1288.8403	84.94206	-1291.3898	896.3567	0.0019157507	5840.086594104767
ant_eg_r1_a0_eps_010_1	24	1283.8572	2792.4	1283.8572	2792.4	239999	1290.6266	1290.6277	95.499405	-1293.132	897.5769	0.0007884885	6120.701253890991
ant_eg_r1_a0_eps_010_1	25	3697.3333	2351.6	3697.3333	2351.6	249999	1290.6439	1290.6436	95.65235	-1292.9246	881.7069	0.00074863865	6397.079703807831
ant_eg_r1_a0_eps_010_1	26	2478.0	3136.6	2478.0	3136.6	259999	1289.3103	1289.3094	100.54942	-1291.5837	827.08545	0.00048892706	6687.467411279678
ant_eg_r1_a0_eps_010_1	27	1110.7778	707.4	1110.7778	707.4	269999	1291.9824	1291.9816	103.386505	-1294.1829	779.8681	0.0004199748	6931.630089759827
ant_eg_r1_a0_eps_010_1	28	1826.25	2769.0	1826.25	2769.0	279999	1292.987	1292.9861	100.94419	-1295.1122	812.5984	0.00044780027	7213.378577232361
ant_eg_r1_a0_eps_010_1	29	4260.3335	3295.4	4260.3335	3295.4	289999	1296.0472	1296.0463	104.742294	-1298.2958	817.3057	0.00042074543	7503.565549135208
ant_eg_r1_a0_eps_010_1	30	2101.0	3731.2	2101.0	3731.2	299999	1301.3075	1301.3076	102.72045	-1303.326	764.6298	0.00055930176	7804.694786787033
ant_eg_r1_a0_eps_010_1	31	2142.25	3443.8	2142.25	3443.8	309999	1304.4728	1304.4733	105.46552	-1306.4938	768.27985	0.00043965396	8098.260787010193
ant_eg_r1_a0_eps_010_1	32	3065.0	4184.8	3065.0	4184.8	319999	1310.2489	1310.2473	104.997375	-1312.1935	735.0695	0.00042947635	8406.610516548157
ant_eg_r1_a0_eps_010_1	33	3307.25	2269.0	3307.25	2269.0	329999	1313.5908	1313.5903	105.03109	-1315.443	715.9288	0.00042886997	8679.209199666977
ant_eg_r1_a0_eps_010_1	34	2028.2	4780.0	2028.2	4780.0	339999	1317.5776	1317.5778	106.00377	-1319.409	695.4254	0.0005127703	8995.195985794067
ant_eg_r1_a0_eps_010_1	35	2134.75	4534.6	2134.75	4534.6	349999	1321.7098	1321.71	107.69127	-1323.389	669.1575	0.0004873402	9309.14272761345
ant_eg_r1_a0_eps_010_1	36	5000.0	2674.0	5000.0	2674.0	359999	1323.1152	1323.1139	104.44455	-1324.7849	658.80194	0.0006280453	9589.114009141922
ant_eg_r1_a0_eps_010_1	37	5000.0	3555.8	5000.0	3555.8	369999	1327.7041	1327.7025	112.26273	-1329.3284	652.11957	0.00038055502	9888.664023637772
ant_eg_r1_a0_eps_010_1	38	2643.0	2572.6	2643.0	2572.6	379999	1329.5828	1329.5828	108.72661	-1331.1594	648.0098	0.00061405724	10165.16090297699
ant_eg_r1_a0_eps_010_1	39	3836.3333	1234.4	3836.3333	1234.4	389999	1331.262	1331.2616	111.84661	-1332.83	605.7549	0.00060429156	10420.292436122894
ant_eg_r1_a0_eps_010_1	40	3966.6667	3179.8	3966.6667	3179.8	399999	1334.4988	1334.4983	119.74435	-1336.024	593.5372	0.00041266484	10709.714441537857
ant_eg_r1_a0_eps_010_1	41	1154.8	1137.8	1154.8	1137.8	409999	1334.6112	1334.6111	110.91557	-1335.9285	558.5921	0.0007017422	10961.79521036148
ant_eg_r1_a0_eps_010_1	42	4274.3335	2876.2	4274.3335	2876.2	419999	1333.8632	1333.8634	116.01339	-1335.2903	602.06946	0.0005008029	11246.651314973831
ant_eg_r1_a0_eps_010_1	43	2002.8334	2598.4	2002.8334	2598.4	429999	1337.4329	1337.4316	118.52027	-1338.7913	586.595	0.0005280517	11523.398578166962
ant_eg_r1_a0_eps_010_1	44	4327.0	2438.8	4327.0	2438.8	439999	1340.8358	1340.8357	119.406204	-1342.1832	618.9367	0.00077906024	11798.560002803802
ant_eg_r1_a0_eps_010_1	45	2375.5	1397.0	2375.5	1397.0	449999	1343.8518	1343.8519	117.29565	-1345.2188	577.5295	0.000808001	12054.685589551926
ant_eg_r1_a0_eps_010_1	46	2343.75	3637.8	2343.75	3637.8	459999	1346.8899	1346.8892	122.92807	-1348.2275	598.9478	0.00042238293	12346.420622110367
ant_eg_r1_a0_eps_010_1	47	3482.6667	5000.0	3482.6667	5000.0	469999	1350.4949	1350.4951	113.03109	-1351.7657	574.5523	0.00092764513	12658.540065288544
ant_eg_r1_a0_eps_010_1	48	3930.5	5000.0	3930.5	5000.0	479999	1350.8044	1350.8044	111.755104	-1351.9604	540.8101	0.001042671	12973.888907670975
ant_eg_r1_a0_eps_010_1	49	3308.75	3667.8	3308.75	3667.8	489999	1351.5359	1351.5359	123.719345	-1352.8002	557.58417	0.0005086819	13262.559975862503
ant_eg_r1_a0_eps_010_1	50	3287.6667	2328.0	3287.6667	2328.0	499999	1357.0837	1357.0839	131.42615	-1358.3972	558.08374	0.0004592927	13527.767736911774
ant_eg_r1_a0_eps_010_1	51	3478.6667	3460.0	3478.6667	3460.0	509999	1361.4067	1361.4072	130.61128	-1362.5939	535.23596	0.00032407275	13811.812454938889
ant_eg_r1_a0_eps_010_1	52	1607.3334	2358.2	1607.3334	2358.2	519999	1363.8998	1363.899	123.10442	-1365.1719	562.4548	0.00047496657	14076.024032115936
ant_eg_r1_a0_eps_010_1	53	3128.0	3556.8	3128.0	3556.8	529999	1368.426	1368.4266	126.7291	-1369.692	584.8115	0.0005315787	14362.729333162308
ant_eg_r1_a0_eps_010_1	54	3402.6667	3284.2	3402.6667	3284.2	539999	1372.6857	1372.6848	136.0005	-1373.9174	546.4777	0.00024600478	14641.840501308441
ant_eg_r1_a0_eps_010_1	55	3829.0	3238.4	3829.0	3238.4	549999	1374.5037	1374.5037	131.63275	-1375.7047	528.929	0.00029220188	14923.471961259842
ant_eg_r1_a0_eps_010_1	56	5000.0	2171.6	5000.0	2171.6	559999	1377.5756	1377.5765	130.40219	-1378.7896	523.5264	0.00027863236	15185.927537441254
ant_eg_r1_a0_eps_010_1	57	4470.0	2389.0	4470.0	2389.0	569999	1381.2117	1381.2112	133.12354	-1382.4326	532.4184	0.00026682235	15450.896351099014
ant_eg_r1_a0_eps_010_1	58	5000.0	4132.2	5000.0	4132.2	579999	1383.8337	1383.834	135.75783	-1385.029	512.3992	0.00023153103	15746.136731386185
ant_eg_r1_a0_eps_010_1	59	5000.0	3498.6	5000.0	3498.6	589999	1388.4185	1388.4181	140.4316	-1389.6631	481.64526	0.00018206683	16031.656241416931
ant_eg_r1_a0_eps_010_1	60	4606.3335	4226.2	4606.3335	4226.2	599999	1393.7666	1393.7661	131.34538	-1394.8945	499.9194	0.00026652936	16329.321020841599
ant_eg_r1_a0_eps_010_1	61	2722.3333	3929.2	2722.3333	3929.2	609999	1395.9734	1395.9738	131.9694	-1397.1223	480.4881	0.00024881578	16622.198614120483
ant_eg_r1_a0_eps_010_1	62	4401.5	4337.6	4401.5	4337.6	619999	1398.5087	1398.5088	131.22697	-1399.5878	459.75714	0.00024531022	16921.26824784279
ant_eg_r1_a0_eps_010_1	63	4487.0	3174.2	4487.0	3174.2	629999	1401.1486	1401.1469	136.7342	-1402.2937	480.2459	0.00014053345	17201.775631427765
ant_eg_r1_a0_eps_010_1	64	5000.0	3126.4	5000.0	3126.4	639999	1404.5529	1404.5536	129.5503	-1405.6606	461.4148	0.00024518312	17480.848454236984
ant_eg_r1_a0_eps_010_1	65	3345.5	5000.0	3345.5	5000.0	649999	1405.759	1405.7592	134.57857	-1406.7563	449.3449	0.00019848045	17793.661517381668
ant_eg_r1_a0_eps_010_1	66	5000.0	4149.4	5000.0	4149.4	659999	1404.9269	1404.9279	130.64229	-1405.8491	449.95975	0.00040759984	18088.417009830475
ant_eg_r1_a0_eps_010_1	67	4520.5	3715.2	4520.5	3715.2	669999	1407.1052	1407.1047	140.04764	-1408.091	443.1266	0.00025570372	18374.251240730286
ant_eg_r1_a0_eps_010_1	68	5000.0	2070.2	5000.0	2070.2	679999	1408.1381	1408.1389	142.6695	-1409.0688	448.37115	0.00015124847	18636.542390584946
ant_eg_r1_a0_eps_010_1	69	4826.3335	4027.0	4826.3335	4027.0	689999	1408.83	1408.8295	134.41267	-1409.7756	430.2648	0.00034483706	18930.663096427917
ant_eg_r1_a0_eps_010_1	70	5000.0	2988.2	5000.0	2988.2	699999	1409.1647	1409.165	142.62088	-1410.0627	435.23016	0.00018459233	19205.495247364044
ant_eg_r1_a0_eps_010_1	71	2592.0	4744.2	2592.0	4744.2	709999	1409.2272	1409.2263	133.04453	-1410.1385	425.8341	0.0002215822	19510.665648698807
ant_eg_r1_a0_eps_010_1	72	5000.0	2541.6	5000.0	2541.6	719999	1409.1958	1409.1958	136.2079	-1410.0242	413.3692	0.00016195928	19780.538099050522
ant_eg_r1_a0_eps_010_1	73	5000.0	3652.8	5000.0	3652.8	729999	1406.7792	1406.7792	140.27989	-1407.5953	409.44186	0.00012023683	20070.43309378624
ant_eg_r1_a0_eps_010_1	74	1742.0	1191.6	1742.0	1191.6	739999	1407.0786	1407.0785	146.03323	-1407.9775	437.13464	7.527552e-05	20313.323086500168
ant_eg_r1_a0_eps_010_1	75	3588.5	2857.2	3588.5	2857.2	749999	1410.0516	1410.0519	141.6803	-1411.0436	451.67075	0.00014874898	20589.502722978592
ant_eg_r1_a0_eps_010_1	76	3129.25	2532.4	3129.25	2532.4	759999	1415.2975	1415.2972	146.23947	-1416.1678	426.26425	8.2581675e-05	20857.06830716133
ant_eg_r1_a0_eps_010_1	77	4405.5	4773.0	4405.5	4773.0	769999	1416.6779	1416.6765	140.17531	-1417.5018	440.79456	7.3341645e-05	21160.872295856476
ant_eg_r1_a0_eps_010_1	78	3638.6667	5000.0	3638.6667	5000.0	779999	1417.1091	1417.109	141.14784	-1417.8702	442.1099	8.5502266e-05	21473.278105020523
ant_eg_r1_a0_eps_010_1	79	4707.5	3377.0	4707.5	3377.0	789999	1416.9764	1416.9775	146.75359	-1417.8148	481.0216	7.8664205e-05	21754.4994931221
ant_eg_r1_a0_eps_010_1	80	4047.3333	2811.8	4047.3333	2811.8	799999	1417.069	1417.0684	145.69135	-1417.818	457.0203	0.00012127855	22027.51811027527
ant_eg_r1_a0_eps_010_1	81	4990.0	4107.0	4990.0	4107.0	809999	1416.2687	1416.269	146.01398	-1416.9868	437.51004	7.935365e-05	22324.53673195839
ant_eg_r1_a0_eps_010_1	82	4223.0	2743.0	4223.0	2743.0	819999	1412.9929	1412.9926	140.1602	-1413.629	442.9773	7.439344e-05	22595.169874191284
ant_eg_r1_a0_eps_010_1	83	5000.0	3455.2	5000.0	3455.2	829999	1410.3362	1410.3364	147.82585	-1411.0267	424.4566	9.043789e-05	22879.295043706894
ant_eg_r1_a0_eps_010_1	84	5000.0	2589.8	5000.0	2589.8	839999	1408.9623	1408.9626	146.11801	-1409.5898	390.4311	7.569238e-05	23148.33359313011
ant_eg_r1_a0_eps_010_1	85	4161.5	4528.0	4161.5	4528.0	849999	1404.3861	1404.3866	135.62653	-1404.9924	404.36975	0.00024409199	23450.58979010582
ant_eg_r1_a0_eps_010_1	86	5000.0	3990.4	5000.0	3990.4	859999	1401.9014	1401.9006	138.88315	-1402.533	367.06866	0.0001715951	23740.32299733162
ant_eg_r1_a0_eps_010_1	87	5000.0	2930.8	5000.0	2930.8	869999	1401.3192	1401.3193	139.44196	-1401.99	388.45322	0.00013602145	24017.795699119568
ant_eg_r1_a0_eps_010_1	88	3256.0	3651.4	3256.0	3651.4	879999	1400.3235	1400.3235	142.0803	-1401.0356	398.51138	0.00016302908	24307.454290628433
ant_eg_r1_a0_eps_010_1	89	2089.0	4271.8	2089.0	4271.8	889999	1400.3109	1400.31	139.8225	-1400.9985	388.19156	0.00013358548	24607.179216384888
ant_eg_r1_a0_eps_010_1	90	3341.0	4544.6	3341.0	4544.6	899999	1399.3214	1399.3217	139.59836	-1400.0308	390.93542	0.00012696254	24909.424953699112
ant_eg_r1_a0_eps_010_1	91	5000.0	4247.0	5000.0	4247.0	909999	1397.8569	1397.8573	131.79373	-1398.5303	389.25964	0.00018618378	25205.770042657852
ant_eg_r1_a0_eps_010_1	92	5000.0	4389.2	5000.0	4389.2	919999	1397.6521	1397.652	123.128395	-1398.3049	371.0051	0.000276868	25507.24644970894
ant_eg_r1_a0_eps_010_1	93	5000.0	5000.0	5000.0	5000.0	929999	1396.4476	1396.4478	137.52068	-1397.121	368.67783	0.00013456341	25819.86096906662
ant_eg_r1_a0_eps_010_1	94	2661.0	4149.6	2661.0	4149.6	939999	1396.9735	1396.9731	137.47849	-1397.6396	357.1811	0.00012595327	26115.17068362236
ant_eg_r1_a0_eps_010_1	95	5000.0	4487.8	5000.0	4487.8	949999	1394.7054	1394.7058	137.51628	-1395.297	348.02203	0.00016143866	26415.892064094543
ant_eg_r1_a0_eps_010_1	96	3148.0	5000.0	3148.0	5000.0	959999	1393.6958	1393.6967	133.56738	-1394.3402	370.2598	0.00013601381	26726.574951171875
ant_eg_r1_a0_eps_010_1	97	3611.3333	4537.4	3611.3333	4537.4	969999	1392.9681	1392.9679	127.66619	-1393.6171	375.30432	0.0001966148	27029.546046733856
ant_eg_r1_a0_eps_010_1	98	3197.3333	3180.4	3197.3333	3180.4	979999	1391.8835	1391.8838	143.38037	-1392.5208	355.2546	0.000101928905	27307.085312366486
ant_eg_r1_a0_eps_010_1	99	3372.6667	3911.6	3372.6667	3911.6	989999	1394.6016	1394.6017	133.9258	-1395.3134	356.74835	0.00017352149	27598.389697790146
ant_eg_r1_a0_eps_010_1	100	5000.0	4193.6	5000.0	4193.6	999999	1396.8663	1396.8657	144.88696	-1397.5262	380.31064	9.725597e-05	27896.441295146942
ant_eg_r1_a0_eps_010_1	101	3397.0	3735.4	3397.0	3735.4	1009999	1398.0254	1398.0255	138.28952	-1398.6971	380.87592	0.00011818669	28184.207832098007
ant_eg_r1_a0_eps_010_1	102	3683.0	4580.0	3683.0	4580.0	1019999	1400.0895	1400.0889	138.95831	-1400.5884	326.22986	0.00011065145	28486.89822769165
ant_eg_r1_a0_eps_010_1	103	3254.0	3915.6	3254.0	3915.6	1029999	1404.3127	1404.3126	137.8538	-1404.867	306.85556	0.00013065197	28776.896547555923
ant_eg_r1_a0_eps_010_1	104	5000.0	4770.0	5000.0	4770.0	1039999	1411.0658	1411.0651	141.57271	-1411.557	279.301	0.00011273432	29080.992559194565
ant_eg_r1_a0_eps_010_1	105	5000.0	4600.4	5000.0	4600.4	1049999	1417.3973	1417.3981	143.8052	-1417.8192	245.86093	0.00011907766	29384.221406698227
ant_eg_r1_a0_eps_010_1	106	4291.0	3491.4	4291.0	3491.4	1059999	1419.1465	1419.1461	136.34196	-1419.5496	259.06738	0.00017143262	29669.56711435318
ant_eg_r1_a0_eps_010_1	107	2473.6667	4251.6	2473.6667	4251.6	1069999	1423.9321	1423.9319	137.97653	-1424.3828	250.15327	0.00015279737	29965.99045753479
ant_eg_r1_a0_eps_010_1	108	4834.5	1689.0	4834.5	1689.0	1079999	1427.8649	1427.8649	149.19778	-1428.3461	260.93567	7.3565105e-05	30214.51318717003
ant_eg_r1_a0_eps_010_1	109	3278.5	2392.0	3278.5	2392.0	1089999	1434.3901	1434.3895	149.73726	-1434.953	273.63855	9.9179604e-05	30479.791835784912
ant_eg_r1_a0_eps_010_1	110	1316.4	2533.0	1316.4	2533.0	1099999	1441.135	1441.135	158.51016	-1441.6592	251.5163	3.6864614e-05	30746.257709741592
ant_eg_r1_a0_eps_010_1	111	3315.0	3570.4	3315.0	3570.4	1109999	1448.1085	1448.108	158.2487	-1448.7184	250.58945	3.4515393e-05	31029.99521255493
ant_eg_r1_a0_eps_010_1	112	2236.5	4702.0	2236.5	4702.0	1119999	1453.9974	1453.9978	155.18967	-1454.5352	265.01224	6.314848e-05	31328.88267993927
ant_eg_r1_a0_eps_010_1	113	5000.0	3639.4	5000.0	3639.4	1129999	1460.6716	1460.672	153.19922	-1461.2102	242.18503	7.229129e-05	31613.35618662834
ant_eg_r1_a0_eps_010_1	114	4014.0	3519.6	4014.0	3519.6	1139999	1465.3483	1465.3479	141.6909	-1465.9054	243.14122	0.00016503282	31895.554510354996
ant_eg_r1_a0_eps_010_1	115	2714.5	3501.2	2714.5	3501.2	1149999	1469.6283	1469.6282	147.85844	-1470.1694	249.43535	9.431654e-05	32177.94026374817
ant_eg_r1_a0_eps_010_1	116	3557.6667	3308.8	3557.6667	3308.8	1159999	1474.1984	1474.1973	138.40251	-1474.7148	245.6067	0.00015763038	32455.23745751381
ant_eg_r1_a0_eps_010_1	117	5000.0	2662.6	5000.0	2662.6	1169999	1477.8445	1477.8436	140.90128	-1478.4152	228.5383	0.00014842657	32725.718515872955
ant_eg_r1_a0_eps_010_1	118	1956.0	3691.4	1956.0	3691.4	1179999	1481.6157	1481.6171	150.49927	-1482.0051	246.06055	0.0001032921	33013.52204537392
ant_eg_r1_a0_eps_010_1	119	1188.4	5000.0	1188.4	5000.0	1189999	1480.1781	1480.1777	144.5369	-1480.6028	273.50815	0.00019586337	33321.94150137901
ant_eg_r1_a0_eps_010_1	120	4626.3335	3879.2	4626.3335	3879.2	1199999	1476.657	1476.6577	137.31447	-1477.0248	257.85962	0.00021985218	33609.73825407028
ant_eg_r1_a0_eps_010_1	121	4183.5	2270.4	4183.5	2270.4	1209999	1474.7018	1474.702	148.00682	-1475.1104	215.36203	0.00013508437	33875.57361292839
ant_eg_r1_a0_eps_010_1	122	3926.3333	1112.6	3926.3333	1112.6	1219999	1475.3292	1475.3297	149.662	-1475.7839	223.39928	0.00017569188	34115.663551568985
ant_eg_r1_a0_eps_010_1	123	3110.6667	4092.6	3110.6667	4092.6	1229999	1476.3837	1476.3838	147.37567	-1476.7805	222.41995	0.00019804547	34408.59067487717
ant_eg_r1_a0_eps_010_1	124	2418.0	1957.6	2418.0	1957.6	1239999	1477.5303	1477.5309	151.74345	-1477.8986	211.405	0.000116607356	34667.59109067917
ant_eg_r1_a0_eps_010_1	125	2148.8	4089.2	2148.8	4089.2	1249999	1476.8672	1476.8671	158.8525	-1477.2812	217.26093	0.00010256279	34962.44759464264
ant_eg_r1_a0_eps_010_1	126	3189.5	2897.4	3189.5	2897.4	1259999	1476.7604	1476.7612	161.64293	-1477.1216	219.07124	0.00012732617	35236.41218948364
ant_eg_r1_a0_eps_010_1	127	3489.5	1708.0	3489.5	1708.0	1269999	1477.4603	1477.4602	149.47923	-1477.7904	193.68742	0.00019540779	35484.45643734932
ant_eg_r1_a0_eps_010_1	128	4339.0	4623.2	4339.0	4623.2	1279999	1475.8716	1475.871	141.85071	-1476.2305	195.3045	0.00021353159	35785.95670962334
ant_eg_r1_a0_eps_010_1	129	5000.0	2002.6	5000.0	2002.6	1289999	1474.6796	1474.6794	138.66425	-1475.0596	197.94728	0.00029064523	36039.794117212296
ant_eg_r1_a0_eps_010_1	130	3863.5	3156.6	3863.5	3156.6	1299999	1473.7395	1473.7394	158.95512	-1474.107	190.194	0.000107015774	36320.213564157486
ant_eg_r1_a0_eps_010_1	131	3454.0	3041.4	3454.0	3041.4	1309999	1471.6261	1471.6265	155.1481	-1471.9583	180.98805	0.00016339672	36599.703454732895
ant_eg_r1_a0_eps_010_1	132	2749.3333	1736.2	2749.3333	1736.2	1319999	1466.1847	1466.1848	143.09428	-1466.4482	172.29489	0.00035879726	36854.57898855209
ant_eg_r1_a0_eps_010_1	133	2094.1667	2558.8	2094.1667	2558.8	1329999	1462.9207	1462.9213	156.33455	-1463.2587	165.19423	0.000119842305	37128.926325559616
ant_eg_r1_a0_eps_010_1	134	3488.5	4167.0	3488.5	4167.0	1339999	1459.2212	1459.2219	150.02773	-1459.496	173.94072	0.00013792653	37432.376717329025
ant_eg_r1_a0_eps_010_1	135	3320.5	2987.0	3320.5	2987.0	1349999	1456.7872	1456.7864	148.76384	-1457.1461	165.1361	0.00020284488	37713.10265541077
ant_eg_r1_a0_eps_010_1	136	5000.0	3343.0	5000.0	3343.0	1359999	1455.6051	1455.6053	151.24817	-1455.9229	155.615	0.0001545401	38000.35719871521
ant_eg_r1_a0_eps_010_1	137	4086.5	1834.2	4086.5	1834.2	1369999	1452.3303	1452.3304	147.93094	-1452.655	190.31235	0.00026025658	38258.84146261215
ant_eg_r1_a0_eps_010_1	138	3254.6667	3488.0	3254.6667	3488.0	1379999	1448.7678	1448.7677	161.42842	-1448.9971	175.05382	0.00011311065	38553.45971226692
ant_eg_r1_a0_eps_010_1	139	3782.0	3456.6	3782.0	3456.6	1389999	1445.0977	1445.0974	161.25854	-1445.4128	176.05412	8.9824665e-05	38850.487802267075
ant_eg_r1_a0_eps_010_1	140	3685.0	2483.0	3685.0	2483.0	1399999	1443.662	1443.6622	166.39642	-1443.9666	175.0118	8.42014e-05	39124.425562143326
ant_eg_r1_a0_eps_010_1	141	2318.25	2079.2	2318.25	2079.2	1409999	1439.553	1439.5535	161.89587	-1439.8058	170.52321	8.042842e-05	39393.94627380371
ant_eg_r1_a0_eps_010_1	142	2814.25	3526.8	2814.25	3526.8	1419999	1435.4873	1435.487	150.05496	-1435.7482	168.56833	0.00023510771	39697.90566802025
ant_eg_r1_a0_eps_010_1	143	1667.3334	2349.4	1667.3334	2349.4	1429999	1432.2139	1432.2134	144.37909	-1432.5436	170.33858	0.00031658274	39977.115442276
ant_eg_r1_a0_eps_010_1	144	1818.0	3464.4	1818.0	3464.4	1439999	1431.428	1431.429	152.7712	-1431.7625	187.01363	0.00021344771	40274.46027827263
ant_eg_r1_a0_eps_010_1	145	2465.2	3638.8	2465.2	3638.8	1449999	1430.3414	1430.3413	145.32402	-1430.6951	183.25075	0.00018360937	40572.44798851013
ant_eg_r1_a0_eps_010_1	146	3138.0	4104.2	3138.0	4104.2	1459999	1431.7809	1431.7815	147.9358	-1432.2478	194.60193	0.0002049707	40879.06945180893
ant_eg_r1_a0_eps_010_1	147	2833.4	2348.8	2833.4	2348.8	1469999	1430.4791	1430.4789	151.47029	-1430.7957	180.21002	0.0001684717	41153.201628923416
ant_eg_r1_a0_eps_010_1	148	4398.5	2181.8	4398.5	2181.8	1479999	1428.4371	1428.4365	158.27089	-1428.7554	203.21536	0.00020968723	41422.712109565735
ant_eg_r1_a0_eps_010_1	149	3046.3333	2330.4	3046.3333	2330.4	1489999	1428.4402	1428.4407	160.55478	-1428.8242	198.49619	0.00011894462	41688.177602529526
ant_eg_r1_a0_eps_010_1	150	4701.5	3563.6	4701.5	3563.6	1499999	1426.5797	1426.5798	143.65495	-1426.8508	184.1618	0.0002730845	41985.165446043015
ant_eg_r1_a0_eps_010_1	151	3434.3333	1587.8	3434.3333	1587.8	1509999	1423.4172	1423.4166	148.39798	-1423.7433	185.2518	0.00026913802	42242.899181604385
ant_eg_r1_a0_eps_010_1	152	5000.0	2583.6	5000.0	2583.6	1519999	1420.0408	1420.0415	151.73407	-1420.3304	161.76282	0.00022124188	42519.200870513916
ant_eg_r1_a0_eps_010_1	153	5000.0	4067.0	5000.0	4067.0	1529999	1416.9266	1416.9264	149.68263	-1417.2356	148.51947	0.0004010022	42820.2827334404
ant_eg_r1_a0_eps_010_1	154	5000.0	1749.2	5000.0	1749.2	1539999	1413.904	1413.904	151.36781	-1414.1652	151.88617	0.0003483485	43081.43606758118
ant_eg_r1_a0_eps_010_1	155	3453.6667	4694.8	3453.6667	4694.8	1549999	1409.4971	1409.4971	166.49602	-1409.7878	155.88315	7.5109114e-05	43392.84904193878
ant_eg_r1_a0_eps_010_1	156	3441.6667	2961.0	3441.6667	2961.0	1559999	1406.319	1406.3185	149.22272	-1406.6108	141.95175	0.00020202412	43674.47566962242
ant_eg_r1_a0_eps_010_1	157	3660.5	3287.4	3660.5	3287.4	1569999	1402.1508	1402.1506	160.57741	-1402.3959	140.82593	9.5755015e-05	43963.29399728775
ant_eg_r1_a0_eps_010_1	158	2782.2	3007.8	2782.2	3007.8	1579999	1399.1326	1399.132	150.15176	-1399.4144	121.60815	0.0002277973	44244.8921892643
ant_eg_r1_a0_eps_010_1	159	1610.0	2582.6	1610.0	2582.6	1589999	1396.6934	1396.6935	145.85732	-1397.0225	154.98322	0.00055052585	44523.30703473091
ant_eg_r1_a0_eps_010_1	160	3225.0	4241.8	3225.0	4241.8	1599999	1395.1323	1395.1323	140.7511	-1395.4208	146.8307	0.0004400841	44833.50837111473
ant_eg_r1_a0_eps_010_1	161	2674.6667	2148.2	2674.6667	2148.2	1609999	1393.2728	1393.2725	142.55228	-1393.6266	165.6856	0.000309138	45106.55493736267
ant_eg_r1_a0_eps_010_1	162	2874.75	2151.6	2874.75	2151.6	1619999	1391.5823	1391.5822	140.642	-1391.9095	162.4176	0.00041243059	45383.00643444061
ant_eg_r1_a0_eps_010_1	163	3836.6667	3489.2	3836.6667	3489.2	1629999	1391.3013	1391.3015	152.98036	-1391.6661	190.1231	0.00022392505	45688.06804847717
ant_eg_r1_a0_eps_010_1	164	3208.5	4203.8	3208.5	4203.8	1639999	1391.4128	1391.413	144.31096	-1391.7299	181.0581	0.0005558789	46002.6360206604
ant_eg_r1_a0_eps_010_1	165	4022.3333	2513.0	4022.3333	2513.0	1649999	1389.187	1389.1875	155.1088	-1389.5552	175.77419	0.00018666305	46282.76032614708
ant_eg_r1_a0_eps_010_1	166	1756.0	3093.8	1756.0	3093.8	1659999	1387.9868	1387.9862	151.54005	-1388.3585	180.8089	0.00018530482	46576.272253513336
ant_eg_r1_a0_eps_010_1	167	2892.8	3634.6	2892.8	3634.6	1669999	1388.1123	1388.1123	156.85805	-1388.5103	164.09473	0.000109365916	46879.55787777901
ant_eg_r1_a0_eps_010_1	168	3208.5	4637.8	3208.5	4637.8	1679999	1388.4371	1388.4366	151.83134	-1388.8276	163.05534	0.00021194083	47201.46995091438
ant_eg_r1_a0_eps_010_1	169	2959.3333	833.0	2959.3333	833.0	1689999	1389.2643	1389.264	159.04703	-1389.6694	169.8575	0.00012896773	47452.45916748047
ant_eg_r1_a0_eps_010_1	170	2005.6666	2807.6	2005.6666	2807.6	1699999	1392.227	1392.2267	161.1627	-1392.6608	162.48853	6.356352e-05	47741.292600393295
ant_eg_r1_a0_eps_010_1	171	4036.6667	2307.6	4036.6667	2307.6	1709999	1392.7506	1392.7507	150.54695	-1393.1648	157.57344	0.00012967398	48021.287690639496
ant_eg_r1_a0_eps_010_1	172	1800.4	1964.4	1800.4	1964.4	1719999	1393.4896	1393.4897	144.18443	-1393.9016	157.83444	0.00019330416	48293.953320503235
ant_eg_r1_a0_eps_010_1	173	1895.8	3437.6	1895.8	3437.6	1729999	1392.9753	1392.9756	138.33144	-1393.4443	188.09242	0.00029748227	48595.39085531235
ant_eg_r1_a0_eps_010_1	174	1616.1666	2776.4	1616.1666	2776.4	1739999	1394.9939	1394.9946	145.86682	-1395.47	184.18762	0.00012766306	48884.53862166405
ant_eg_r1_a0_eps_010_1	175	4041.0	1490.0	4041.0	1490.0	1749999	1398.4508	1398.4506	136.44125	-1398.9386	192.1326	0.00028394785	49148.53998064995
ant_eg_r1_a0_eps_010_1	176	3844.5	952.6	3844.5	952.6	1759999	1400.3611	1400.3618	127.94084	-1400.8828	199.25125	0.0003677421	49400.15024924278
ant_eg_r1_a0_eps_010_1	177	3941.0	3566.6	3941.0	3566.6	1769999	1404.0443	1404.044	129.24002	-1404.6033	193.09358	0.00030473023	49707.68954920769
ant_eg_r1_a0_eps_010_1	178	2111.6667	3815.6	2111.6667	3815.6	1779999	1404.5125	1404.512	136.86205	-1404.9348	182.53647	0.0001770631	50019.51852560043
ant_eg_r1_a0_eps_010_1	179	2966.0	3585.0	2966.0	3585.0	1789999	1402.1982	1402.1974	129.59001	-1402.6104	210.27338	0.00026620692	50327.70333147049
ant_eg_r1_a0_eps_010_1	180	2640.6667	4514.4	2640.6667	4514.4	1799999	1402.1221	1402.1218	146.59447	-1402.5822	199.01128	0.00010568598	50664.60086965561
ant_eg_r1_a0_eps_010_1	181	3341.0	4131.6	3341.0	4131.6	1809999	1403.7965	1403.7966	142.14732	-1404.2823	182.57712	0.00013335567	50992.0543320179
ant_eg_r1_a0_eps_010_1	182	2996.5	2784.4	2996.5	2784.4	1819999	1402.5822	1402.5819	148.02893	-1402.9897	174.84116	7.907834e-05	51295.86898446083
ant_eg_r1_a0_eps_010_1	183	2247.2	3511.4	2247.2	3511.4	1829999	1401.0265	1401.0271	148.9457	-1401.4911	187.13272	7.693656e-05	51614.195964336395
ant_eg_r1_a0_eps_010_1	184	3358.6667	2368.8	3358.6667	2368.8	1839999	1400.745	1400.7443	148.55064	-1401.2335	195.0254	6.8576395e-05	51899.85620212555
ant_eg_r1_a0_eps_010_1	185	4158.0	3239.6	4158.0	3239.6	1849999	1399.8901	1399.8905	136.3786	-1400.3374	180.20633	0.00016557792	52205.32770013809
ant_eg_r1_a0_eps_010_1	186	1640.0	2838.0	1640.0	2838.0	1859999	1402.1061	1402.106	150.96037	-1402.6434	198.10132	8.452462e-05	52504.38311648369
ant_eg_r1_a0_eps_010_1	187	4490.3335	2820.4	4490.3335	2820.4	1869999	1401.2078	1401.2074	144.7409	-1401.6562	195.19734	5.4249645e-05	52803.747411727905
ant_eg_r1_a0_eps_010_1	188	2491.75	4937.6	2491.75	4937.6	1879999	1400.674	1400.6735	164.78175	-1401.1294	181.7669	1.4341957e-05	53139.61144685745
ant_eg_r1_a0_eps_010_1	189	2779.0	3666.8	2779.0	3666.8	1889999	1399.6333	1399.6338	146.44061	-1400.0922	204.63707	5.969082e-05	53451.35475111008
ant_eg_r1_a0_eps_010_1	190	1686.4	1842.4	1686.4	1842.4	1899999	1399.1198	1399.1193	153.87598	-1399.614	209.46288	5.050744e-05	53730.57885670662
ant_eg_r1_a0_eps_010_1	191	2641.75	2421.2	2641.75	2421.2	1909999	1400.9116	1400.9111	150.9016	-1401.4424	211.93515	5.9108912e-05	54020.92224597931
ant_eg_r1_a0_eps_010_1	192	3695.3333	3733.4	3695.3333	3733.4	1919999	1403.7202	1403.7201	162.70288	-1404.3354	206.2156	1.8094834e-05	54335.771537303925
ant_eg_r1_a0_eps_010_1	193	2822.3333	3755.6	2822.3333	3755.6	1929999	1406.4619	1406.4625	158.72444	-1406.9926	188.99106	3.0599007e-05	54653.586263895035
ant_eg_r1_a0_eps_010_1	194	2782.25	2841.0	2782.25	2841.0	1939999	1405.7714	1405.7708	157.87817	-1406.2677	212.66898	2.5651336e-05	54950.41601538658
ant_eg_r1_a0_eps_010_1	195	1610.8334	3943.2	1610.8334	3943.2	1949999	1407.898	1407.8988	158.0564	-1408.4744	214.35837	5.0839222e-05	55259.11517572403
ant_eg_r1_a0_eps_010_1	196	1763.5	2341.6	1763.5	2341.6	1959999	1411.2468	1411.247	163.0629	-1411.7925	218.1957	1.2699911e-05	55536.896789073944
ant_eg_r1_a0_eps_010_1	197	2595.8	4417.4	2595.8	4417.4	1969999	1411.3118	1411.3116	159.14134	-1411.8586	232.72675	2.9885363e-05	55849.809101343155
ant_eg_r1_a0_eps_010_1	198	4400.0	4328.4	4400.0	4328.4	1979999	1412.509	1412.5088	148.78038	-1413.1449	276.9103	4.9097554e-05	56159.17118310928
ant_eg_r1_a0_eps_010_1	199	5000.0	4140.6	5000.0	4140.6	1989999	1415.5107	1415.511	159.79393	-1416.0288	217.94368	3.0078303e-05	56470.19100666046
ant_eg_r1_a0_eps_010_1	200	3343.6667	3804.6	3343.6667	3804.6	1999999	1415.1956	1415.1959	150.36298	-1415.7	233.65636	4.7038902e-05	56772.29070830345
ant_eg_r1_a0_eps_010_1	201	2923.5	4077.2	2923.5	4077.2	2009999	1416.3864	1416.3857	152.61345	-1416.936	262.96808	3.841324e-05	57079.10716295242
ant_eg_r1_a0_eps_010_1	202	4156.0	3287.8	4156.0	3287.8	2019999	1415.3956	1415.3951	153.1645	-1415.8239	230.8751	3.9200575e-05	57375.180648326874
ant_eg_r1_a0_eps_010_1	203	3318.6667	4137.4	3318.6667	4137.4	2029999	1416.362	1416.3619	164.10878	-1416.9095	216.34435	2.372797e-05	57685.86189985275
ant_eg_r1_a0_eps_010_1	204	2393.8	5000.0	2393.8	5000.0	2039999	1417.6897	1417.6896	158.67827	-1418.1667	235.47307	3.5499914e-05	58012.072630405426
ant_eg_r1_a0_eps_010_1	205	1666.0	3462.6	1666.0	3462.6	2049999	1417.6838	1417.6836	162.12372	-1418.2136	232.1864	2.3950213e-05	58308.54712629318
ant_eg_r1_a0_eps_010_1	206	3366.0	4099.6	3366.0	4099.6	2059999	1418.719	1418.7188	158.77306	-1419.1686	211.3633	3.7761263e-05	58616.08849143982
ant_eg_r1_a0_eps_010_1	207	3302.0	3235.6	3302.0	3235.6	2069999	1419.5789	1419.5789	159.48044	-1420.1805	232.53294	4.396609e-05	58910.287182331085
ant_eg_r1_a0_eps_010_1	208	1355.5	3161.6	1355.5	3161.6	2079999	1422.4719	1422.4722	166.01286	-1423.0397	226.4883	1.8706633e-05	59205.99908328056
ant_eg_r1_a0_eps_010_1	209	5000.0	3508.8	5000.0	3508.8	2089999	1425.0083	1425.0088	163.72769	-1425.5597	234.6241	3.0282232e-05	59505.55848693848
ant_eg_r1_a0_eps_010_1	210	2469.8	4464.4	2469.8	4464.4	2099999	1425.9255	1425.9246	165.31839	-1426.4263	229.36133	4.5003315e-05	59820.689952135086
ant_eg_r1_a0_eps_010_1	211	3946.0	2679.0	3946.0	2679.0	2109999	1428.72	1428.7197	166.8719	-1429.3282	240.49347	3.8060858e-05	60102.73847794533
ant_eg_r1_a0_eps_010_1	212	5000.0	3434.6	5000.0	3434.6	2119999	1434.0304	1434.0304	169.04655	-1434.6812	250.67575	1.9343557e-05	60401.94285917282
ant_eg_r1_a0_eps_010_1	213	3195.6667	3847.4	3195.6667	3847.4	2129999	1437.7523	1437.7524	167.39632	-1438.3319	243.45102	2.9153267e-05	60708.38142442703
ant_eg_r1_a0_eps_010_1	214	3191.0	4346.6	3191.0	4346.6	2139999	1439.2964	1439.2961	161.58984	-1439.843	243.9024	5.0280654e-05	61023.76134848595
ant_eg_r1_a0_eps_010_1	215	5000.0	4177.4	5000.0	4177.4	2149999	1440.0151	1440.0156	172.64783	-1440.5132	232.0469	1.4437106e-05	61343.424115896225
ant_eg_r1_a0_eps_010_1	216	3169.5	3960.0	3169.5	3960.0	2159999	1439.9272	1439.9266	167.03915	-1440.449	226.5927	3.8985796e-05	61660.01114654541
ant_eg_r1_a0_eps_010_1	217	3003.0	1839.2	3003.0	1839.2	2169999	1439.1858	1439.1858	169.54848	-1439.6731	218.34178	2.1343214e-05	61938.239610910416
ant_eg_r1_a0_eps_010_1	218	5000.0	2848.0	5000.0	2848.0	2179999	1439.5538	1439.5538	177.74611	-1440.0406	233.21292	1.2267111e-05	62236.6637172699
ant_eg_r1_a0_eps_010_1	219	2411.5	1880.6	2411.5	1880.6	2189999	1438.5961	1438.5952	169.351	-1439.1237	232.8809	2.0948919e-05	62520.31481266022
ant_eg_r1_a0_eps_010_1	220	1861.5	4188.6	1861.5	4188.6	2199999	1440.4417	1440.4426	176.40044	-1440.9535	225.7866	9.688241e-06	62844.80343747139
ant_eg_r1_a0_eps_010_1	221	2917.3333	3562.8	2917.3333	3562.8	2209999	1440.6023	1440.6023	175.58922	-1441.1124	221.80388	8.233774e-06	63154.9211871624
ant_eg_r1_a0_eps_010_1	222	5000.0	2415.0	5000.0	2415.0	2219999	1439.4434	1439.4431	175.67589	-1439.9453	236.54857	2.1373957e-05	63443.59536576271
ant_eg_r1_a0_eps_010_1	223	3367.0	3436.4	3367.0	3436.4	2229999	1439.9495	1439.9504	170.81192	-1440.5066	230.2068	2.3277216e-05	63744.38197636604
ant_eg_r1_a0_eps_010_1	224	2263.25	2559.2	2263.25	2559.2	2239999	1440.5157	1440.5159	170.5492	-1441.0068	224.7882	4.2408283e-05	64028.69409394264
ant_eg_r1_a0_eps_010_1	225	3337.5	3849.4	3337.5	3849.4	2249999	1438.3829	1438.383	162.47372	-1438.9148	233.3073	4.1217103e-05	64334.00444674492
ant_eg_r1_a0_eps_010_1	226	3632.25	4381.2	3632.25	4381.2	2259999	1438.952	1438.9509	168.75882	-1439.4922	210.37712	2.1184946e-05	64651.893721818924
ant_eg_r1_a0_eps_010_1	227	2809.3333	3484.0	2809.3333	3484.0	2269999	1439.6163	1439.6172	172.1293	-1440.1648	220.32118	1.2659872e-05	64953.70336270332
ant_eg_r1_a0_eps_010_1	228	5000.0	3812.4	5000.0	3812.4	2279999	1439.441	1439.4409	171.00844	-1440.0062	230.74263	1.06167045e-05	65256.72190237045
ant_eg_r1_a0_eps_010_1	229	2868.3333	3295.0	2868.3333	3295.0	2289999	1440.0239	1440.0239	170.59619	-1440.526	229.2934	1.14668455e-05	65548.61043691635
ant_eg_r1_a0_eps_010_1	230	4695.5	3246.4	4695.5	3246.4	2299999	1439.7014	1439.7015	174.022	-1440.2314	211.18892	1.1418041e-05	65839.90878415108
ant_eg_r1_a0_eps_010_1	231	4171.0	4637.4	4171.0	4637.4	2309999	1438.6417	1438.6412	175.76895	-1439.1569	217.15605	7.689752e-06	66153.35083699226
ant_eg_r1_a0_eps_010_1	232	3572.0	3147.8	3572.0	3147.8	2319999	1436.2491	1436.2485	165.58784	-1436.7712	228.3263	1.8077897e-05	66440.82223773003
ant_eg_r1_a0_eps_010_1	233	2226.2	2238.8	2226.2	2238.8	2329999	1434.642	1434.6425	173.4939	-1435.1805	223.56715	1.0637424e-05	66711.41041445732
ant_eg_r1_a0_eps_010_1	234	5000.0	2229.4	5000.0	2229.4	2339999	1434.6105	1434.6091	173.05396	-1435.1577	226.6534	1.4753804e-05	66975.51181197166
ant_eg_r1_a0_eps_010_1	235	2970.75	4298.2	2970.75	4298.2	2349999	1436.4974	1436.4962	171.81972	-1437.1096	240.21013	1.5797457e-05	67277.82182359695
ant_eg_r1_a0_eps_010_1	236	4727.0	1709.0	4727.0	1709.0	2359999	1439.6775	1439.6777	171.55629	-1440.2911	229.35745	1.44180985e-05	67544.76959204674
ant_eg_r1_a0_eps_010_1	237	5000.0	1247.8	5000.0	1247.8	2369999	1440.5929	1440.5931	174.0787	-1441.0367	215.41127	1.895244e-05	67803.17301011086
ant_eg_r1_a0_eps_010_1	238	2698.75	3985.8	2698.75	3985.8	2379999	1440.2717	1440.2712	165.60254	-1440.8184	214.17572	3.1809515e-05	68113.19994354248
ant_eg_r1_a0_eps_010_1	239	5000.0	4141.0	5000.0	4141.0	2389999	1442.3988	1442.3983	157.05861	-1442.8888	235.91444	7.272669e-05	68435.73852229118
ant_eg_r1_a0_eps_010_1	240	2789.3333	3437.2	2789.3333	3437.2	2399999	1442.1671	1442.1661	167.60347	-1442.769	231.61078	1.9475421e-05	68742.93074846268
ant_eg_r1_a0_eps_010_1	241	3950.6667	4186.6	3950.6667	4186.6	2409999	1444.0974	1444.0973	163.59708	-1444.6401	230.058	2.421342e-05	69070.99193501472
ant_eg_r1_a0_eps_010_1	242	2290.0	2117.2	2290.0	2117.2	2419999	1444.6875	1444.6873	172.6148	-1445.2615	235.2871	1.2254062e-05	69363.0880830288
ant_eg_r1_a0_eps_010_1	243	2562.0	2330.2	2562.0	2330.2	2429999	1446.019	1446.0192	150.92786	-1446.6008	243.13686	9.346382e-05	69648.27564573288
ant_eg_r1_a0_eps_010_1	244	3791.0	3924.4	3791.0	3924.4	2439999	1448.1174	1448.1174	156.76028	-1448.7336	257.76746	3.2015414e-05	69967.9307589531
ant_eg_r1_a0_eps_010_1	245	2193.75	4983.0	2193.75	4983.0	2449999	1451.6924	1451.6931	166.02094	-1452.3427	216.37335	1.5902648e-05	70302.7878651619
ant_eg_r1_a0_eps_010_1	246	3715.5	4071.0	3715.5	4071.0	2459999	1452.4941	1452.4943	161.48724	-1453.0796	247.41977	2.2665814e-05	70622.702511549
ant_eg_r1_a0_eps_010_1	247	4319.3335	3710.8	4319.3335	3710.8	2469999	1453.3378	1453.3387	163.1855	-1453.8802	224.45943	3.4960256e-05	70935.8894393444
ant_eg_r1_a0_eps_010_1	248	3097.5	3912.8	3097.5	3912.8	2479999	1449.2374	1449.2367	159.7605	-1449.6892	214.47725	4.9105536e-05	71242.74760723114
ant_eg_r1_a0_eps_010_1	249	5000.0	5000.0	5000.0	5000.0	2489999	1446.8513	1446.8512	149.47197	-1447.3064	213.00845	8.32039e-05	71575.37961745262
ant_eg_r1_a0_eps_010_1	250	5000.0	2301.8	5000.0	2301.8	2499999	1444.5875	1444.588	154.69997	-1445.1042	229.25156	7.1996226e-05	71865.30117869377
ant_eg_r1_a0_eps_010_1	251	3994.3333	4108.0	3994.3333	4108.0	2509999	1445.19	1445.1904	158.85385	-1445.7657	230.10867	3.335367e-05	72183.14671874046
ant_eg_r1_a0_eps_010_1	252	3093.0	1910.8	3093.0	1910.8	2519999	1444.6544	1444.6542	164.15398	-1445.1384	229.33513	3.6990747e-05	72456.29795384407
ant_eg_r1_a0_eps_010_1	253	4251.6665	3561.4	4251.6665	3561.4	2529999	1443.6768	1443.676	160.46155	-1444.1345	197.69809	4.7695397e-05	72757.06509208679
ant_eg_r1_a0_eps_010_1	254	5000.0	2959.0	5000.0	2959.0	2539999	1440.0024	1440.0024	154.14137	-1440.4998	234.80608	5.409156e-05	73049.48627591133
ant_eg_r1_a0_eps_010_1	255	5000.0	3657.0	5000.0	3657.0	2549999	1439.7972	1439.7977	165.83728	-1440.262	210.68143	4.402095e-05	73355.09503006935
ant_eg_r1_a0_eps_010_1	256	2396.25	3236.2	2396.25	3236.2	2559999	1437.0376	1437.0372	156.8474	-1437.4547	213.81665	5.865406e-05	73645.42850875854
ant_eg_r1_a0_eps_010_1	257	5000.0	3432.2	5000.0	3432.2	2569999	1437.8875	1437.8861	159.20763	-1438.4275	220.79213	5.384064e-05	73938.30085277557
ant_eg_r1_a0_eps_010_1	258	2454.0	2807.0	2454.0	2807.0	2579999	1436.8695	1436.8712	162.64421	-1437.3536	230.5618	8.663413e-05	74219.29163622856
ant_eg_r1_a0_eps_010_1	259	5000.0	2776.2	5000.0	2776.2	2589999	1437.9609	1437.9602	167.68605	-1438.397	210.79778	4.7435635e-05	74497.78649282455
ant_eg_r1_a0_eps_010_1	260	2260.6	2443.8	2260.6	2443.8	2599999	1435.9296	1435.9304	160.77591	-1436.3922	210.62366	6.777676e-05	74771.91276407242
ant_eg_r1_a0_eps_010_1	261	3290.0	1960.0	3290.0	1960.0	2609999	1435.6622	1435.6619	157.14828	-1436.2787	238.86467	0.00010267049	75034.28396177292
ant_eg_r1_a0_eps_010_1	262	3660.0	1855.2	3660.0	1855.2	2619999	1433.9536	1433.955	161.05212	-1434.4104	235.94815	3.0845677e-05	75292.18029928207
ant_eg_r1_a0_eps_010_1	263	3364.6667	4499.0	3364.6667	4499.0	2629999	1431.7714	1431.7722	166.21407	-1432.315	259.0952	1.8448856e-05	75597.40509390831
ant_eg_r1_a0_eps_010_1	264	5000.0	3724.0	5000.0	3724.0	2639999	1433.8059	1433.8066	169.63602	-1434.3975	214.0856	2.186397e-05	75893.4437944889
ant_eg_r1_a0_eps_010_1	265	5000.0	4071.6	5000.0	4071.6	2649999	1434.2755	1434.2751	167.43695	-1434.7671	208.81654	1.49789e-05	76197.54505634308
ant_eg_r1_a0_eps_010_1	266	3810.3333	2804.4	3810.3333	2804.4	2659999	1431.6394	1431.64	166.34416	-1432.1018	196.8005	3.8782375e-05	76474.94434261322
ant_eg_r1_a0_eps_010_1	267	4400.5	4735.8	4400.5	4735.8	2669999	1428.674	1428.6721	163.50793	-1429.1628	218.87628	4.1573778e-05	76785.72889113426
ant_eg_r1_a0_eps_010_1	268	4133.5	3699.4	4133.5	3699.4	2679999	1429.7632	1429.7638	163.69203	-1430.3087	217.54715	3.6399655e-05	77089.962859869
ant_eg_r1_a0_eps_010_1	269	4592.3335	4050.0	4592.3335	4050.0	2689999	1430.8365	1430.8374	169.60507	-1431.4348	216.87657	3.179538e-05	77421.07785844803
ant_eg_r1_a0_eps_010_1	270	5000.0	3414.2	5000.0	3414.2	2699999	1432.0875	1432.0876	166.06548	-1432.5496	195.6668	3.4246765e-05	77737.5581433773
ant_eg_r1_a0_eps_010_1	271	5000.0	4287.6	5000.0	4287.6	2709999	1429.814	1429.8137	158.76218	-1430.2272	178.62347	5.006057e-05	78068.61175823212
ant_eg_r1_a0_eps_010_1	272	2108.5	4704.4	2108.5	4704.4	2719999	1428.0173	1428.017	154.635	-1428.5125	186.94823	6.841936e-05	78409.43631529808
ant_eg_r1_a0_eps_010_1	273	3584.6667	5000.0	3584.6667	5000.0	2729999	1426.4528	1426.452	157.15002	-1426.9608	209.58307	4.8903752e-05	78748.94546031952
ant_eg_r1_a0_eps_010_1	274	5000.0	4321.2	5000.0	4321.2	2739999	1425.2098	1425.2098	150.37238	-1425.693	202.90517	5.115185e-05	79084.9902908802
ant_eg_r1_a0_eps_010_1	275	5000.0	4595.4	5000.0	4595.4	2749999	1424.6329	1424.6334	159.55838	-1425.1294	204.8594	2.3807073e-05	79420.40562152863
ant_eg_r1_a0_eps_010_1	276	3726.3333	4646.4	3726.3333	4646.4	2759999	1423.8705	1423.8701	158.5402	-1424.3328	171.03366	2.8967488e-05	79741.77341938019
ant_eg_r1_a0_eps_010_1	277	3193.6667	4949.0	3193.6667	4949.0	2769999	1422.9479	1422.9486	163.39836	-1423.3849	170.67326	1.6976874e-05	80072.38306474686
ant_eg_r1_a0_eps_010_1	278	3745.0	3890.4	3745.0	3890.4	2779999	1421.0465	1421.0464	161.5693	-1421.545	188.1974	2.6588092e-05	80379.4837076664
ant_eg_r1_a0_eps_010_1	279	4124.0	3442.8	4124.0	3442.8	2789999	1421.4446	1421.4447	161.2693	-1421.989	170.76018	1.7028115e-05	80682.27648305893
ant_eg_r1_a0_eps_010_1	280	3614.3333	3337.4	3614.3333	3337.4	2799999	1422.4895	1422.4899	164.03656	-1422.9877	186.14398	1.7974597e-05	80982.4757733345
ant_eg_r1_a0_eps_010_1	281	3289.6667	4242.0	3289.6667	4242.0	2809999	1422.545	1422.5459	163.07368	-1423.0658	184.13068	2.2143737e-05	81299.79063487053
ant_eg_r1_a0_eps_010_1	282	4030.3333	5000.0	4030.3333	5000.0	2819999	1419.229	1419.2297	154.0272	-1419.6681	180.38477	3.3048447e-05	81627.29795718193
ant_eg_r1_a0_eps_010_1	283	5000.0	5000.0	5000.0	5000.0	2829999	1416.0667	1416.068	161.79088	-1416.47	161.3995	2.2268692e-05	81955.50999116898
ant_eg_r1_a0_eps_010_1	284	5000.0	4338.0	5000.0	4338.0	2839999	1412.975	1412.9753	161.56673	-1413.3997	165.79318	1.3644798e-05	82270.05233836174
ant_eg_r1_a0_eps_010_1	285	5000.0	579.6	5000.0	579.6	2849999	1411.1357	1411.1364	161.93654	-1411.5432	154.38396	1.915429e-05	82518.27643442154
ant_eg_r1_a0_eps_010_1	286	5000.0	4763.4	5000.0	4763.4	2859999	1408.7422	1408.7422	157.50256	-1409.0996	169.85956	4.3616932e-05	82834.7985920906
ant_eg_r1_a0_eps_010_1	287	3401.6667	4657.2	3401.6667	4657.2	2869999	1405.9725	1405.9725	152.82167	-1406.4069	151.03654	3.1270287e-05	83140.61885666847
ant_eg_r1_a0_eps_010_1	288	2500.75	3986.4	2500.75	3986.4	2879999	1404.6743	1404.6748	149.03032	-1405.0558	165.90456	4.056952e-05	83399.026065588
ant_eg_r1_a0_eps_010_1	289	3100.0	4111.0	3100.0	4111.0	2889999	1401.5734	1401.574	158.88934	-1401.9058	155.50328	2.7595166e-05	83629.63571190834
ant_eg_r1_a0_eps_010_1	290	3940.6667	4777.6	3940.6667	4777.6	2899999	1397.9404	1397.9408	162.29918	-1398.3711	183.98163	1.1805372e-05	83866.71671128273
ant_eg_r1_a0_eps_010_1	291	1844.2	4002.0	1844.2	4002.0	2909999	1397.4918	1397.4926	158.1767	-1397.972	158.14012	1.8461744e-05	84100.87494325638
ant_eg_r1_a0_eps_010_1	292	3520.5	4239.4	3520.5	4239.4	2919999	1396.222	1396.222	162.97717	-1396.5837	163.14806	1.317603e-05	84339.9663181305
ant_eg_r1_a0_eps_010_1	293	3477.75	3692.2	3477.75	3692.2	2929999	1394.4945	1394.4946	154.87189	-1394.965	170.18097	1.5395342e-05	84572.82594156265
ant_eg_r1_a0_eps_010_1	294	5000.0	4353.4	5000.0	4353.4	2939999	1394.4323	1394.4327	161.54677	-1394.828	167.49916	9.390254e-06	84811.84013795853
ant_eg_r1_a0_eps_010_1	295	5000.0	2476.0	5000.0	2476.0	2949999	1392.2394	1392.2402	165.87015	-1392.6234	171.62503	9.685761e-06	85028.97457051277
ant_eg_r1_a0_eps_010_1	296	4916.5	4118.2	4916.5	4118.2	2959999	1390.4844	1390.4841	164.03914	-1390.8267	142.05032	8.823517e-06	85267.70581245422
ant_eg_r1_a0_eps_010_1	297	4362.5	3846.2	4362.5	3846.2	2969999	1388.5543	1388.5548	158.77228	-1388.9728	164.324	2.0788013e-05	85503.58331680298
ant_eg_r1_a0_eps_010_1	298	2317.6	4812.6	2317.6	4812.6	2979999	1389.2466	1389.2474	167.10974	-1389.718	161.75986	1.4021983e-05	85751.71334195137
ant_eg_r1_a0_eps_010_1	299	5000.0	3573.2	5000.0	3573.2	2989999	1390.901	1390.9008	163.58223	-1391.3256	162.42116	1.6514225e-05	85984.72184038162
ant_eg_r1_a0_eps_010_1	300	3187.0	4278.6	3187.0	4278.6	2999999	1389.3351	1389.335	164.50867	-1389.8148	172.96242	1.7424101e-05	86225.59377765656
