Experiment Name	Epoch	EpRet	TestEpRet	EpLen	TestEpLen	TotalEnvInteracts	Q1Vals	Q2Vals	LogPi	LossPi	LossQ	std	Time
en_ran_init_ant_1f_a2_200_25_400_mop_r0_a1_1	1	0.0	0.0	84.39831	189.2	9999	91.62976	91.62985	-4.3336096	-97.395294	175.82622	0.8556066	175.6529152393341
en_ran_init_ant_1f_a2_200_25_400_mop_r0_a1_1	2	0.0	0.0	81.55285	57.4	19999	373.6338	373.63474	-0.26160732	-385.6894	1899.8112	0.7629581	369.75023889541626
en_ran_init_ant_1f_a2_200_25_400_mop_r0_a1_1	3	0.0	0.0	108.75824	200.0	29999	681.6543	681.66	0.17659463	-691.2033	5693.6694	0.7131482	606.1540651321411
en_ran_init_ant_1f_a2_200_25_400_mop_r0_a1_1	4	0.0	0.0	168.67796	200.0	39999	670.97205	670.9744	-0.7133783	-676.5662	4767.689	0.6716487	847.8249263763428
en_ran_init_ant_1f_a2_200_25_400_mop_r0_a1_1	5	0.0	0.0	169.08333	200.0	49999	567.7704	567.78296	-1.4546005	-572.872	3054.5188	0.66696864	1093.2137355804443
en_ran_init_ant_1f_a2_200_25_400_mop_r0_a1_1	6	0.0	0.0	159.96774	200.0	59999	457.6086	457.6111	-2.2816002	-462.465	2008.0034	0.6864245	1339.6553292274475
en_ran_init_ant_1f_a2_200_25_400_mop_r0_a1_1	7	0.0	0.0	162.53226	200.0	69999	330.27246	330.2695	-3.2287292	-334.2965	1019.7635	0.7215461	1587.4724946022034
en_ran_init_ant_1f_a2_200_25_400_mop_r0_a1_1	8	0.0	0.0	134.55405	200.0	79999	246.2315	246.23068	-3.977464	-249.73668	505.24536	0.7576759	1836.051565170288
en_ran_init_ant_1f_a2_200_25_400_mop_r0_a1_1	9	0.0	0.0	159.22223	200.0	89999	256.81326	256.81052	-3.959042	-260.30362	530.69183	0.7385965	2084.9809465408325
en_ran_init_ant_1f_a2_200_25_400_mop_r0_a1_1	10	0.0	0.0	161.54099	200.0	99999	283.0973	283.09558	-3.84439	-286.6846	569.5089	0.72790176	2333.7860045433044
en_ran_init_ant_1f_a2_200_25_400_mop_r0_a1_1	11	0.0	0.0	183.54546	200.0	109999	301.81055	301.80975	-3.7830863	-305.59027	601.60077	0.7225563	2582.075881958008
en_ran_init_ant_1f_a2_200_25_400_mop_r0_a1_1	12	0.0	0.0	181.74545	200.0	119999	316.63522	316.632	-3.859596	-320.52295	568.4534	0.7242992	2831.215207338333
en_ran_init_ant_1f_a2_200_25_400_mop_r0_a1_1	13	0.0	0.0	189.09435	200.0	129999	328.29016	328.2888	-3.9042666	-332.21667	551.11884	0.72756493	3080.1489589214325
en_ran_init_ant_1f_a2_200_25_400_mop_r0_a1_1	14	0.0	0.0	189.07547	200.0	139999	337.6967	337.6925	-3.9554849	-341.7011	524.79114	0.73054427	3336.757624387741
en_ran_init_ant_1f_a2_200_25_400_mop_r0_a1_1	15	0.0	0.0	189.35849	200.0	149999	345.73788	345.73575	-4.011131	-349.71713	495.5499	0.7335316	3595.399221420288
en_ran_init_ant_1f_a2_200_25_400_mop_r0_a1_1	16	0.0	0.0	184.2037	200.0	159999	354.14755	354.14587	-4.0474267	-358.14163	473.87674	0.7365443	3853.73068857193
en_ran_init_ant_1f_a2_200_25_400_mop_r0_a1_1	17	0.0	0.0	195.0196	200.0	169999	359.34076	359.33722	-4.102881	-363.3475	450.9654	0.7387995	4114.873391866684
en_ran_init_ant_1f_a2_200_25_400_mop_r0_a1_1	18	0.0	0.0	179.125	200.0	179999	363.90976	363.9072	-4.111999	-367.96024	442.05475	0.7381963	4376.645840644836
en_ran_init_ant_1f_a2_200_25_400_mop_r0_a1_1	19	0.0	0.0	178.73215	200.0	189999	365.44113	365.43875	-4.131143	-369.4048	437.89264	0.73831993	4636.6731605529785
en_ran_init_ant_1f_a2_200_25_400_mop_r0_a1_1	20	0.0	0.0	175.05263	200.0	199999	363.86963	363.86737	-4.114585	-367.8345	438.54526	0.7353139	4893.982228517532
en_ran_init_ant_1f_a2_200_25_400_mop_r0_a1_1	21	0.0	0.0	189.56604	200.0	209999	364.86374	364.86154	-4.145714	-368.8086	429.4037	0.73501116	5142.572429895401
en_ran_init_ant_1f_a2_200_25_400_mop_r0_a1_1	22	0.0	0.0	194.66667	200.0	219999	364.3801	364.37918	-4.1718946	-368.3296	416.6265	0.7341246	5393.684161186218
en_ran_init_ant_1f_a2_200_25_400_mop_r0_a1_1	23	0.0	0.0	194.53847	200.0	229999	365.10278	365.1019	-4.221284	-369.06064	393.38354	0.739792	5647.191800832748
en_ran_init_ant_1f_a2_200_25_400_mop_r0_a1_1	24	0.0	0.0	209.17021	200.0	239999	367.22488	367.2237	-4.266637	-371.16675	369.0218	0.7416377	5899.593492269516
en_ran_init_ant_1f_a2_200_25_400_mop_r0_a1_1	25	0.0	0.0	194.0	200.0	249999	368.6374	368.63492	-4.2706127	-372.55136	365.5244	0.73978573	6154.900011301041
en_ran_init_ant_1f_a2_200_25_400_mop_r0_a1_1	26	0.0	0.0	195.62746	200.0	259999	367.48868	367.48785	-4.284696	-371.3891	350.0104	0.7405882	6415.268007040024
en_ran_init_ant_1f_a2_200_25_400_mop_r0_a1_1	27	0.0	0.0	198.5	200.0	269999	366.93747	366.93585	-4.2857614	-370.85495	355.0174	0.7385525	6673.019903898239
en_ran_init_ant_1f_a2_200_25_400_mop_r0_a1_1	28	0.0	0.0	194.90384	200.0	279999	366.27826	366.2778	-4.3075457	-370.1594	346.57123	0.73827296	6929.666717767715
en_ran_init_ant_1f_a2_200_25_400_mop_r0_a1_1	29	0.0	0.0	190.1923	200.0	289999	365.96957	365.9688	-4.31425	-369.8936	345.86746	0.73712474	7186.99785900116
en_ran_init_ant_1f_a2_200_25_400_mop_r0_a1_1	30	0.0	0.0	193.0577	200.0	299999	366.82413	366.82336	-4.3107886	-370.74442	342.85358	0.7375437	7441.760335683823
en_ran_init_ant_1f_a2_200_25_400_mop_r0_a1_1	31	0.0	0.0	197.94118	200.0	309999	367.4731	367.4717	-4.335395	-371.39194	335.52393	0.7386917	7695.7465052604675
en_ran_init_ant_1f_a2_200_25_400_mop_r0_a1_1	32	0.0	0.0	202.30612	200.0	319999	368.80295	368.80283	-4.351837	-372.73575	321.77182	0.7391762	7948.816343784332
en_ran_init_ant_1f_a2_200_25_400_mop_r0_a1_1	33	0.0	0.0	199.52	200.0	329999	369.07443	369.07367	-4.3522687	-373.0271	320.2462	0.7387844	8201.22729754448
en_ran_init_ant_1f_a2_200_25_400_mop_r0_a1_1	34	0.0	0.0	185.25926	200.0	339999	369.55383	369.55307	-4.3776903	-373.46658	310.22476	0.7407114	8454.13107085228
en_ran_init_ant_1f_a2_200_25_400_mop_r0_a1_1	35	0.0	0.0	200.98	200.0	349999	369.72992	369.72876	-4.38537	-373.64932	312.03534	0.7403006	8705.969649076462
en_ran_init_ant_1f_a2_200_25_400_mop_r0_a1_1	36	0.0	0.0	192.92308	200.0	359999	371.27246	371.26923	-4.3971763	-375.23804	301.2846	0.7381958	8956.825924634933
en_ran_init_ant_1f_a2_200_25_400_mop_r0_a1_1	37	0.0	0.0	191.5	200.0	369999	372.68945	372.68747	-4.4162	-376.58685	309.5544	0.74001926	9209.33543086052
en_ran_init_ant_1f_a2_200_25_400_mop_r0_a1_1	38	0.0	0.0	189.86792	200.0	379999	372.2964	372.29535	-4.41367	-376.22534	302.29272	0.7398699	9460.40460395813
en_ran_init_ant_1f_a2_200_25_400_mop_r0_a1_1	39	0.0	0.0	214.45653	200.0	389999	372.3034	372.3017	-4.4239316	-376.22476	298.4096	0.74043894	9712.234289646149
en_ran_init_ant_1f_a2_200_25_400_mop_r0_a1_1	40	0.0	0.0	202.16	200.0	399999	372.8018	372.7998	-4.435029	-376.73038	293.77646	0.74052	9963.633070230484
en_ran_init_ant_1f_a2_200_25_400_mop_r0_a1_1	41	0.0	0.0	194.50981	200.0	409999	374.08752	374.08594	-4.4324055	-378.0175	298.392	0.74032533	10213.559801578522
en_ran_init_ant_1f_a2_200_25_400_mop_r0_a1_1	42	0.0	0.0	195.13725	200.0	419999	376.00598	376.00507	-4.4378157	-379.955	296.40494	0.7413045	10465.907848834991
en_ran_init_ant_1f_a2_200_25_400_mop_r0_a1_1	43	0.0	0.0	209.54167	200.0	429999	377.46393	377.46268	-4.440856	-381.4219	283.08044	0.741054	10715.826800584793
en_ran_init_ant_1f_a2_200_25_400_mop_r0_a1_1	44	0.0	0.0	188.81133	200.0	439999	378.57315	378.5724	-4.4581614	-382.52997	282.81747	0.7423825	10968.631177186966
en_ran_init_ant_1f_a2_200_25_400_mop_r0_a1_1	45	0.0	0.0	199.4	200.0	449999	380.00198	379.99988	-4.457971	-383.9586	286.44714	0.7437781	11219.001460552216
en_ran_init_ant_1f_a2_200_25_400_mop_r0_a1_1	46	0.0	0.0	197.9804	200.0	459999	379.43427	379.43265	-4.46399	-383.35477	280.8719	0.74479055	11467.712855100632
en_ran_init_ant_1f_a2_200_25_400_mop_r0_a1_1	47	0.0	0.0	203.67346	200.0	469999	379.53543	379.53506	-4.4681735	-383.4351	280.59012	0.74375373	11719.647226333618
en_ran_init_ant_1f_a2_200_25_400_mop_r0_a1_1	48	0.0	0.0	210.19148	200.0	479999	378.99298	378.9921	-4.4709425	-382.8931	278.7839	0.74277437	11969.422216653824
en_ran_init_ant_1f_a2_200_25_400_mop_r0_a1_1	49	0.0	0.0	201.3	200.0	489999	378.24765	378.24652	-4.459948	-382.1442	279.84662	0.7420729	12218.099509477615
en_ran_init_ant_1f_a2_200_25_400_mop_r0_a1_1	50	0.0	0.0	211.02083	200.0	499999	378.4414	378.4413	-4.45943	-382.33954	280.147	0.7412316	12468.27611541748
en_ran_init_ant_1f_a2_200_25_400_mop_r0_a1_1	51	0.0	0.0	212.12766	200.0	509999	378.21848	378.21725	-4.4399347	-382.09625	282.79214	0.7397031	12717.889771938324
en_ran_init_ant_1f_a2_200_25_400_mop_r0_a1_1	52	0.0	0.0	191.6923	200.0	519999	377.56348	377.56235	-4.461936	-381.45715	276.5149	0.7417867	12969.467208385468
en_ran_init_ant_1f_a2_200_25_400_mop_r0_a1_1	53	0.0	0.0	194.33333	200.0	529999	377.70767	377.70898	-4.4611444	-381.59616	274.6144	0.74186766	13219.300783395767
en_ran_init_ant_1f_a2_200_25_400_mop_r0_a1_1	54	0.0	0.0	207.16327	200.0	539999	378.35007	378.34848	-4.475009	-382.2661	274.85733	0.74345684	13469.03680896759
en_ran_init_ant_1f_a2_200_25_400_mop_r0_a1_1	55	0.0	0.0	197.93878	200.0	549999	378.68927	378.68845	-4.489848	-382.60266	262.83832	0.74416924	13719.448116779327
en_ran_init_ant_1f_a2_200_25_400_mop_r0_a1_1	56	0.0	0.0	203.54	200.0	559999	378.69965	378.6978	-4.502931	-382.62708	261.1888	0.74559426	13970.29601764679
en_ran_init_ant_1f_a2_200_25_400_mop_r0_a1_1	57	0.0	0.0	191.34616	200.0	569999	379.07025	379.07034	-4.490633	-382.94724	261.50436	0.7436838	14220.862337589264
en_ran_init_ant_1f_a2_200_25_400_mop_r0_a1_1	58	0.0	0.0	197.70589	200.0	579999	378.86237	378.86188	-4.498434	-382.75	250.51015	0.74416775	14470.629395961761
en_ran_init_ant_1f_a2_200_25_400_mop_r0_a1_1	59	0.0	0.0	194.88235	200.0	589999	378.08853	378.0867	-4.489379	-381.95755	264.946	0.74426436	14720.592952728271
en_ran_init_ant_1f_a2_200_25_400_mop_r0_a1_1	60	0.0	0.0	188.62263	200.0	599999	375.94595	375.94553	-4.4712687	-379.794	274.00626	0.7391978	14970.132725477219
en_ran_init_ant_1f_a2_200_25_400_mop_r0_a1_1	61	0.0	0.0	198.45097	200.0	609999	374.76257	374.76282	-4.4797626	-378.59457	263.15488	0.73995763	15218.7355697155
en_ran_init_ant_1f_a2_200_25_400_mop_r0_a1_1	62	0.0	0.0	207.95833	200.0	619999	374.62195	374.62024	-4.490039	-378.4474	265.1649	0.7405273	15469.367733240128
en_ran_init_ant_1f_a2_200_25_400_mop_r0_a1_1	63	0.0	0.0	194.2745	200.0	629999	373.91275	373.91223	-4.4885645	-377.77835	254.70145	0.7403659	15719.674251556396
en_ran_init_ant_1f_a2_200_25_400_mop_r0_a1_1	64	0.0	0.0	218.69565	200.0	639999	375.1497	375.14954	-4.505529	-379.01114	253.6957	0.74059844	15969.869044542313
en_ran_init_ant_1f_a2_200_25_400_mop_r0_a1_1	65	0.0	0.0	196.58824	200.0	649999	375.58493	375.58487	-4.512345	-379.41916	247.61557	0.74076277	16218.710037708282
en_ran_init_ant_1f_a2_200_25_400_mop_r0_a1_1	66	0.0	0.0	212.42554	200.0	659999	375.4289	375.4282	-4.5094023	-379.26334	244.1322	0.7394817	16467.479759693146
en_ran_init_ant_1f_a2_200_25_400_mop_r0_a1_1	67	0.0	0.0	199.62	200.0	669999	375.693	375.69125	-4.5198793	-379.5395	249.92638	0.74148357	16715.954015254974
en_ran_init_ant_1f_a2_200_25_400_mop_r0_a1_1	68	0.0	0.0	208.10417	200.0	679999	376.74658	376.7477	-4.5253463	-380.5879	244.2388	0.7414162	16964.988037586212
en_ran_init_ant_1f_a2_200_25_400_mop_r0_a1_1	69	0.0	0.0	196.39215	200.0	689999	375.5343	375.53223	-4.50743	-379.36096	253.26128	0.7391713	17213.47489786148
en_ran_init_ant_1f_a2_200_25_400_mop_r0_a1_1	70	0.0	0.0	192.82692	200.0	699999	373.6133	373.6127	-4.517884	-377.4441	246.01945	0.74022937	17461.826118946075
en_ran_init_ant_1f_a2_200_25_400_mop_r0_a1_1	71	0.0	0.0	194.54903	200.0	709999	373.2041	373.2035	-4.5104856	-377.05994	246.93414	0.7404225	17706.515552043915
en_ran_init_ant_1f_a2_200_25_400_mop_r0_a1_1	72	0.0	0.0	201.92	200.0	719999	374.08627	374.085	-4.511312	-377.9234	244.4181	0.7392814	17956.282803058624
en_ran_init_ant_1f_a2_200_25_400_mop_r0_a1_1	73	0.0	0.0	196.50981	200.0	729999	372.91098	372.90982	-4.522666	-376.72684	243.01328	0.740828	18202.760337352753
en_ran_init_ant_1f_a2_200_25_400_mop_r0_a1_1	74	0.0	0.0	191.08	200.0	739999	372.94034	372.94028	-4.530301	-376.7563	245.39983	0.7406137	18451.172811985016
en_ran_init_ant_1f_a2_200_25_400_mop_r0_a1_1	75	0.0	0.0	222.34042	200.0	749999	372.15692	372.15668	-4.505032	-375.97925	255.0599	0.738634	18696.733113527298
en_ran_init_ant_1f_a2_200_25_400_mop_r0_a1_1	76	0.0	0.0	191.63461	200.0	759999	370.20676	370.20642	-4.5117106	-373.98984	235.98814	0.7371505	18946.453723192215
en_ran_init_ant_1f_a2_200_25_400_mop_r0_a1_1	77	0.0	0.0	209.0	200.0	769999	370.649	370.64923	-4.528314	-374.44186	232.94102	0.74034756	19192.92334508896
en_ran_init_ant_1f_a2_200_25_400_mop_r0_a1_1	78	0.0	0.0	205.22917	200.0	779999	370.06906	370.06876	-4.5184155	-373.84064	237.35408	0.7376452	19439.456102371216
en_ran_init_ant_1f_a2_200_25_400_mop_r0_a1_1	79	0.0	0.0	211.17021	200.0	789999	370.63492	370.634	-4.524426	-374.42065	239.46555	0.7387097	19688.13942837715
en_ran_init_ant_1f_a2_200_25_400_mop_r0_a1_1	80	0.0	0.0	205.67346	200.0	799999	370.1909	370.18933	-4.515167	-373.94595	243.86757	0.73442775	19935.250601291656
en_ran_init_ant_1f_a2_200_25_400_mop_r0_a1_1	81	0.0	0.0	197.7255	200.0	809999	369.4511	369.45233	-4.51026	-373.2153	233.58603	0.7357503	20183.782073259354
en_ran_init_ant_1f_a2_200_25_400_mop_r0_a1_1	82	0.0	0.0	217.63043	200.0	819999	369.76044	369.75995	-4.52752	-373.51596	231.80463	0.73757464	20430.632872104645
en_ran_init_ant_1f_a2_200_25_400_mop_r0_a1_1	83	0.0	0.0	204.65306	200.0	829999	368.78214	368.78284	-4.5244765	-372.547	229.76683	0.73680264	20677.343673229218
en_ran_init_ant_1f_a2_200_25_400_mop_r0_a1_1	84	0.0	0.0	207.22917	200.0	839999	369.4113	369.41016	-4.540131	-373.161	225.93843	0.73850125	20923.748277425766
en_ran_init_ant_1f_a2_200_25_400_mop_r0_a1_1	85	0.0	0.0	196.12	200.0	849999	369.26456	369.26324	-4.521807	-373.01163	224.51947	0.7366944	21169.485701084137
en_ran_init_ant_1f_a2_200_25_400_mop_r0_a1_1	86	0.0	0.0	199.78432	200.0	859999	368.89957	368.90057	-4.5387287	-372.6513	229.06523	0.7380211	21419.303342580795
en_ran_init_ant_1f_a2_200_25_400_mop_r0_a1_1	87	0.0	0.0	211.7234	200.0	869999	368.77393	368.77338	-4.5246015	-372.53906	225.53302	0.73615676	21664.886484384537
en_ran_init_ant_1f_a2_200_25_400_mop_r0_a1_1	88	0.0	0.0	203.38776	200.0	879999	368.25278	368.25217	-4.5220313	-372.01605	233.78003	0.735479	21911.00433397293
en_ran_init_ant_1f_a2_200_25_400_mop_r0_a1_1	89	0.0	0.0	199.0625	200.0	889999	368.49127	368.49182	-4.5235486	-372.22495	225.5736	0.73314905	22150.798988819122
en_ran_init_ant_1f_a2_200_25_400_mop_r0_a1_1	90	0.0	0.0	205.86275	200.0	899999	366.7868	366.78607	-4.5059524	-370.501	224.57452	0.73231757	22398.17841553688
en_ran_init_ant_1f_a2_200_25_400_mop_r0_a1_1	91	0.0	0.0	199.62	200.0	909999	366.10013	366.10062	-4.5173225	-369.8126	218.4856	0.7338326	22646.88806295395
en_ran_init_ant_1f_a2_200_25_400_mop_r0_a1_1	92	0.0	0.0	204.89796	200.0	919999	366.00336	366.00305	-4.511571	-369.7204	228.53897	0.7335262	22893.265323638916
en_ran_init_ant_1f_a2_200_25_400_mop_r0_a1_1	93	0.0	0.0	191.73077	200.0	929999	365.45987	365.4586	-4.5326085	-369.19095	223.20226	0.73550457	23136.682146549225
en_ran_init_ant_1f_a2_200_25_400_mop_r0_a1_1	94	0.0	0.0	198.31372	200.0	939999	366.7862	366.78625	-4.519744	-370.5084	220.5426	0.7351793	23382.736577510834
en_ran_init_ant_1f_a2_200_25_400_mop_r0_a1_1	95	0.0	0.0	196.33333	200.0	949999	366.32504	366.32535	-4.5133057	-370.0359	224.39685	0.7348236	23628.229098558426
en_ran_init_ant_1f_a2_200_25_400_mop_r0_a1_1	96	0.0	0.0	199.08	200.0	959999	365.0455	365.0459	-4.4812207	-368.7394	235.36763	0.7314475	23875.16575360298
en_ran_init_ant_1f_a2_200_25_400_mop_r0_a1_1	97	0.0	0.0	202.2653	200.0	969999	365.72098	365.7216	-4.5262866	-369.4395	222.8228	0.73598254	24122.019399642944
en_ran_init_ant_1f_a2_200_25_400_mop_r0_a1_1	98	0.0	0.0	208.25	200.0	979999	367.11987	367.1195	-4.5103626	-370.8138	228.41628	0.73490477	24363.644438505173
en_ran_init_ant_1f_a2_200_25_400_mop_r0_a1_1	99	0.0	0.0	192.13461	200.0	989999	366.5308	366.5302	-4.5124965	-370.2362	229.9303	0.73362786	24608.494758844376
en_ran_init_ant_1f_a2_200_25_400_mop_r0_a1_1	100	0.0	0.0	200.06	200.0	999999	366.6316	366.63254	-4.533365	-370.35114	218.44193	0.73479617	24855.3768119812
en_ran_init_ant_1f_a2_200_25_400_mop_r0_a1_1	101	0.0	0.0	196.49019	200.0	1009999	366.45667	366.45706	-4.52576	-370.14136	217.5242	0.7340749	25102.197310209274
en_ran_init_ant_1f_a2_200_25_400_mop_r0_a1_1	102	0.0	0.0	210.47917	200.0	1019999	365.7596	365.75848	-4.56938	-369.42276	202.70222	0.736893	25346.21853208542
en_ran_init_ant_1f_a2_200_25_400_mop_r0_a1_1	103	0.0	0.0	212.78723	200.0	1029999	365.99426	365.99536	-4.607586	-369.63577	188.82664	0.7390907	25589.073287963867
en_ran_init_ant_1f_a2_200_25_400_mop_r0_a1_1	104	0.0	0.0	196.39215	200.0	1039999	367.56833	367.56677	-4.607378	-371.22083	188.91472	0.73955214	25832.94277215004
en_ran_init_ant_1f_a2_200_25_400_mop_r0_a1_1	105	0.0	0.0	203.91837	200.0	1049999	369.02783	369.02838	-4.6324787	-372.70367	183.92723	0.74156535	26078.817619085312
en_ran_init_ant_1f_a2_200_25_400_mop_r0_a1_1	106	0.0	0.0	198.45833	200.0	1059999	370.2975	370.29712	-4.6141067	-373.96457	189.57904	0.7381206	26321.0528383255
en_ran_init_ant_1f_a2_200_25_400_mop_r0_a1_1	107	0.0	0.0	207.24	200.0	1069999	369.16864	369.16827	-4.629891	-372.82986	191.08727	0.7417	26569.382252693176
en_ran_init_ant_1f_a2_200_25_400_mop_r0_a1_1	108	0.0	0.0	203.0	200.0	1079999	368.48508	368.48718	-4.629217	-372.12836	186.82295	0.7399974	26811.496903657913
en_ran_init_ant_1f_a2_200_25_400_mop_r0_a1_1	109	0.0	0.0	204.48979	200.0	1089999	369.8635	369.8625	-4.6444817	-373.5408	188.93356	0.74524444	27052.37217068672
en_ran_init_ant_1f_a2_200_25_400_mop_r0_a1_1	110	0.0	0.0	194.88461	200.0	1099999	372.12143	372.12097	-4.641772	-375.78976	189.3955	0.7449328	27296.12676024437
en_ran_init_ant_1f_a2_200_25_400_mop_r0_a1_1	111	0.0	0.0	199.3	200.0	1109999	373.4768	373.476	-4.665032	-377.1455	190.04953	0.745224	27546.922625541687
en_ran_init_ant_1f_a2_200_25_400_mop_r0_a1_1	112	0.0	0.0	200.46	200.0	1119999	373.9818	373.98175	-4.660181	-377.69348	190.08832	0.7437737	27789.87845468521
en_ran_init_ant_1f_a2_200_25_400_mop_r0_a1_1	113	0.0	0.0	189.0	200.0	1129999	375.4153	375.41513	-4.6961584	-379.12692	180.72975	0.7499142	28031.85444879532
en_ran_init_ant_1f_a2_200_25_400_mop_r0_a1_1	114	0.0	0.0	184.31482	200.0	1139999	376.72733	376.72717	-4.6860657	-380.4554	181.79744	0.7472096	28275.45144057274
en_ran_init_ant_1f_a2_200_25_400_mop_r0_a1_1	115	0.0	0.0	196.11765	200.0	1149999	377.30237	377.3015	-4.703888	-381.0394	175.59016	0.7498886	28523.071017742157
en_ran_init_ant_1f_a2_200_25_400_mop_r0_a1_1	116	0.0	0.0	211.97873	200.0	1159999	378.83835	378.83908	-4.7117124	-382.58078	172.31401	0.75067574	28767.104543447495
en_ran_init_ant_1f_a2_200_25_400_mop_r0_a1_1	117	0.0	0.0	205.93878	200.0	1169999	380.10678	380.10663	-4.7044334	-383.87317	176.1739	0.749144	29011.413613796234
en_ran_init_ant_1f_a2_200_25_400_mop_r0_a1_1	118	0.0	0.0	270.6216	200.0	1179999	381.5496	381.54984	-4.683381	-385.29535	185.21881	0.7458916	29259.977187871933
en_ran_init_ant_1f_a2_200_25_400_mop_r0_a1_1	119	0.0	0.0	231.04651	200.0	1189999	382.3231	382.3237	-4.6786385	-386.05356	194.1021	0.7487773	29503.789246320724
en_ran_init_ant_1f_a2_200_25_400_mop_r0_a1_1	120	0.0	0.0	208.85417	200.0	1199999	382.612	382.6113	-4.6783075	-386.29837	191.65044	0.748529	29745.2856426239
en_ran_init_ant_1f_a2_200_25_400_mop_r0_a1_1	121	0.0	0.0	205.41667	200.0	1209999	382.54077	382.54074	-4.6976266	-386.252	187.35793	0.74777424	29992.65305352211
en_ran_init_ant_1f_a2_200_25_400_mop_r0_a1_1	122	0.0	0.0	210.66667	200.0	1219999	382.74167	382.74203	-4.6885204	-386.4573	193.81447	0.74981815	30237.556514024734
en_ran_init_ant_1f_a2_200_25_400_mop_r0_a1_1	123	0.0	0.0	215.54347	200.0	1229999	383.86496	383.8655	-4.6975436	-387.5887	195.07057	0.7507825	30484.768389940262
en_ran_init_ant_1f_a2_200_25_400_mop_r0_a1_1	124	0.0	0.0	195.3077	200.0	1239999	384.5462	384.54633	-4.707375	-388.272	198.29822	0.75175387	30726.163625001907
en_ran_init_ant_1f_a2_200_25_400_mop_r0_a1_1	125	0.0	0.0	216.26086	200.0	1249999	384.8936	384.8948	-4.7245374	-388.6296	187.83994	0.7523535	30971.289352416992
en_ran_init_ant_1f_a2_200_25_400_mop_r0_a1_1	126	0.0	0.0	202.83673	200.0	1259999	383.31458	383.3133	-4.6955023	-387.01523	198.32925	0.7491172	31219.23152089119
en_ran_init_ant_1f_a2_200_25_400_mop_r0_a1_1	127	0.0	0.0	193.26923	200.0	1269999	383.16574	383.1668	-4.701556	-386.8984	191.64075	0.7519509	31465.448598861694
en_ran_init_ant_1f_a2_200_25_400_mop_r0_a1_1	128	0.0	0.0	194.6	200.0	1279999	383.437	383.43683	-4.701719	-387.1621	195.91876	0.7512762	31706.50622868538
en_ran_init_ant_1f_a2_200_25_400_mop_r0_a1_1	129	0.0	0.0	214.72917	200.0	1289999	383.77255	383.773	-4.7302923	-387.48486	193.63925	0.75488967	31953.90287590027
en_ran_init_ant_1f_a2_200_25_400_mop_r0_a1_1	130	0.0	0.0	246.025	200.0	1299999	383.83896	383.8405	-4.720937	-387.53796	195.89908	0.75220674	32202.249737501144
en_ran_init_ant_1f_a2_200_25_400_mop_r0_a1_1	131	0.0	0.0	220.35556	200.0	1309999	383.64224	383.64145	-4.717094	-387.36777	189.33554	0.7522168	32449.49067902565
en_ran_init_ant_1f_a2_200_25_400_mop_r0_a1_1	132	0.0	0.0	197.25	200.0	1319999	384.29385	384.2956	-4.706008	-388.0021	193.22191	0.7494167	32694.432109594345
en_ran_init_ant_1f_a2_200_25_400_mop_r0_a1_1	133	0.0	0.0	220.64444	200.0	1329999	383.99295	383.993	-4.7049103	-387.67755	195.23595	0.74842054	32944.32812714577
en_ran_init_ant_1f_a2_200_25_400_mop_r0_a1_1	134	0.0	0.0	218.80435	200.0	1339999	383.26077	383.261	-4.7053814	-386.9515	194.76859	0.7501459	33192.720772981644
en_ran_init_ant_1f_a2_200_25_400_mop_r0_a1_1	135	0.0	0.0	226.43182	200.0	1349999	383.59564	383.5966	-4.7020426	-387.27753	205.55615	0.7504962	33435.858907938
en_ran_init_ant_1f_a2_200_25_400_mop_r0_a1_1	136	0.0	0.0	184.5283	200.0	1359999	384.85913	384.85846	-4.717592	-388.5557	192.95274	0.7512999	33681.59363365173
en_ran_init_ant_1f_a2_200_25_400_mop_r0_a1_1	137	0.0	0.0	276.16217	200.0	1369999	384.89658	384.89685	-4.657128	-388.5714	209.28644	0.747374	33930.030405044556
en_ran_init_ant_1f_a2_200_25_400_mop_r0_a1_1	138	0.0	0.0	215.55556	200.0	1379999	386.04398	386.0444	-4.6756287	-389.72372	206.14603	0.7502241	34175.14025306702
en_ran_init_ant_1f_a2_200_25_400_mop_r0_a1_1	139	0.0	0.0	233.40909	200.0	1389999	386.3256	386.32538	-4.673296	-389.9803	206.34662	0.7495522	34421.37754702568
en_ran_init_ant_1f_a2_200_25_400_mop_r0_a1_1	140	0.0	0.0	194.91667	200.0	1399999	385.97598	385.9772	-4.681924	-389.65186	200.58792	0.7494831	34666.16608333588
en_ran_init_ant_1f_a2_200_25_400_mop_r0_a1_1	141	0.0	0.0	234.77777	200.0	1409999	386.11346	386.1139	-4.667933	-389.7804	199.75621	0.747517	34914.47907781601
en_ran_init_ant_1f_a2_200_25_400_mop_r0_a1_1	142	0.0	0.0	218.23914	200.0	1419999	385.84857	385.849	-4.6662655	-389.5301	202.0549	0.75038445	35158.26376414299
en_ran_init_ant_1f_a2_200_25_400_mop_r0_a1_1	143	0.0	0.0	215.06667	200.0	1429999	385.20337	385.20447	-4.657396	-388.8596	205.91306	0.7495849	35401.92972254753
en_ran_init_ant_1f_a2_200_25_400_mop_r0_a1_1	144	0.0	0.0	234.65909	200.0	1439999	385.43655	385.43698	-4.6442127	-389.07172	212.92532	0.7461774	35648.33767414093
en_ran_init_ant_1f_a2_200_25_400_mop_r0_a1_1	145	0.0	0.0	234.33333	200.0	1449999	384.33627	384.33716	-4.6411924	-387.988	213.80534	0.74822474	35899.67969942093
en_ran_init_ant_1f_a2_200_25_400_mop_r0_a1_1	146	0.0	0.0	212.08333	200.0	1459999	385.61383	385.6135	-4.65546	-389.2555	208.0597	0.74910146	36147.64395737648
en_ran_init_ant_1f_a2_200_25_400_mop_r0_a1_1	147	0.0	0.0	211.48936	200.0	1469999	385.60306	385.60214	-4.633997	-389.2505	217.73235	0.7472339	36389.752626895905
en_ran_init_ant_1f_a2_200_25_400_mop_r0_a1_1	148	0.0	0.0	246.125	200.0	1479999	386.49454	386.49423	-4.641706	-390.14554	216.436	0.74890697	36633.37611961365
en_ran_init_ant_1f_a2_200_25_400_mop_r0_a1_1	149	0.0	0.0	227.31111	200.0	1489999	387.51144	387.5116	-4.6113586	-391.1568	227.32495	0.74796134	36882.31543254852
en_ran_init_ant_1f_a2_200_25_400_mop_r0_a1_1	150	0.0	0.0	322.2903	200.0	1499999	388.12534	388.1242	-4.6099577	-391.7553	227.01793	0.7476196	37128.024314165115
en_ran_init_ant_1f_a2_200_25_400_mop_r0_a1_1	151	0.0	0.0	233.51219	200.0	1509999	389.19003	389.19205	-4.5834346	-392.7557	236.9433	0.74436593	37373.013610601425
en_ran_init_ant_1f_a2_200_25_400_mop_r0_a1_1	152	0.0	0.0	253.21951	200.0	1519999	390.1955	390.1955	-4.535498	-393.7739	262.7771	0.7414539	37623.64123463631
en_ran_init_ant_1f_a2_200_25_400_mop_r0_a1_1	153	0.0	0.0	307.30304	200.0	1529999	392.10428	392.105	-4.5676265	-395.6563	257.2193	0.746253	37873.84497833252
en_ran_init_ant_1f_a2_200_25_400_mop_r0_a1_1	154	0.0	0.0	230.65854	200.0	1539999	391.79596	391.79523	-4.514726	-395.34482	270.14438	0.7401825	38122.74460840225
en_ran_init_ant_1f_a2_200_25_400_mop_r0_a1_1	155	0.0	0.0	387.125	200.0	1549999	391.21515	391.21524	-4.522597	-394.74698	269.40067	0.74100643	38367.82681441307
en_ran_init_ant_1f_a2_200_25_400_mop_r0_a1_1	156	0.0	0.0	453.4091	200.0	1559999	393.17578	393.1759	-4.5263176	-396.7227	253.0183	0.7423702	38616.66691040993
en_ran_init_ant_1f_a2_200_25_400_mop_r0_a1_1	157	0.0	0.0	481.58823	200.0	1569999	396.4736	396.47305	-4.5075703	-400.0022	264.3719	0.74371773	38864.65004205704
en_ran_init_ant_1f_a2_200_25_400_mop_r0_a1_1	158	0.0	0.0	369.77142	200.0	1579999	399.24832	399.24783	-4.470155	-402.7141	290.5641	0.7413366	39111.285568237305
en_ran_init_ant_1f_a2_200_25_400_mop_r0_a1_1	159	0.0	0.0	248.55882	200.0	1589999	400.95523	400.9554	-4.4745674	-404.42435	275.959	0.74186915	39361.266310214996
en_ran_init_ant_1f_a2_200_25_400_mop_r0_a1_1	160	0.0	0.0	549.619	200.0	1599999	403.82	403.8204	-4.48256	-407.28568	284.36194	0.7433727	39609.44804286957
en_ran_init_ant_1f_a2_200_25_400_mop_r0_a1_1	161	0.0	0.0	385.76923	200.0	1609999	406.12817	406.12787	-4.4496	-409.55225	312.04974	0.7428867	39857.9626660347
en_ran_init_ant_1f_a2_200_25_400_mop_r0_a1_1	162	0.0	0.0	335.3158	200.0	1619999	408.40027	408.40042	-4.3973975	-411.78842	318.4793	0.737247	40105.13008928299
en_ran_init_ant_1f_a2_200_25_400_mop_r0_a1_1	163	0.0	0.0	1066.2727	200.0	1629999	411.32053	411.32047	-4.3523536	-414.71652	335.33276	0.73793113	40349.590416669846
en_ran_init_ant_1f_a2_200_25_400_mop_r0_a1_1	164	0.0	0.0	356.3125	200.0	1639999	414.49008	414.491	-4.3549933	-417.85287	330.44296	0.7368057	40596.431472063065
en_ran_init_ant_1f_a2_200_25_400_mop_r0_a1_1	165	0.0	0.0	658.9091	200.0	1649999	419.4876	419.48822	-4.307036	-422.81894	339.22864	0.7330378	40844.99463605881
en_ran_init_ant_1f_a2_200_25_400_mop_r0_a1_1	166	0.0	0.0	934.2308	200.0	1659999	423.51038	423.51108	-4.284763	-426.8435	348.17148	0.73310745	41091.801792383194
en_ran_init_ant_1f_a2_200_25_400_mop_r0_a1_1	167	0.0	0.0	650.0625	200.0	1669999	429.7441	429.74356	-4.2522006	-433.05194	370.88446	0.7331242	41341.43725514412
en_ran_init_ant_1f_a2_200_25_400_mop_r0_a1_1	168	0.0	0.0	758.6429	200.0	1679999	436.37463	436.37573	-4.1778274	-439.67514	407.05725	0.7286595	41592.281079769135
en_ran_init_ant_1f_a2_200_25_400_mop_r0_a1_1	169	0.0	0.0	537.36365	200.0	1689999	443.04874	443.04755	-4.1293583	-446.2914	431.34045	0.72533536	41842.62954187393
en_ran_init_ant_1f_a2_200_25_400_mop_r0_a1_1	170	0.0	0.0	3315.0	200.0	1699999	451.14914	451.14993	-4.028268	-454.41574	463.9992	0.7223924	42092.51821875572
en_ran_init_ant_1f_a2_200_25_400_mop_r0_a1_1	171	0.0	0.0	1908.4	1160.0	1709999	460.12045	460.12173	-3.9581182	-463.35876	492.9474	0.71757567	42360.25895166397
en_ran_init_ant_1f_a2_200_25_400_mop_r0_a1_1	172	0.0	0.0	2872.5	200.0	1719999	471.0052	471.00662	-3.8090136	-474.31216	549.2323	0.7101647	42605.55789852142
en_ran_init_ant_1f_a2_200_25_400_mop_r0_a1_1	173	0.0	0.0	1653.3334	2120.0	1729999	484.86838	484.8707	-3.662324	-488.2075	596.95795	0.7037823	42894.2170419693
en_ran_init_ant_1f_a2_200_25_400_mop_r0_a1_1	174	0.0	0.0	1779.6	2120.0	1739999	497.60696	497.60922	-3.5437887	-501.04984	622.0543	0.6987682	43185.41844749451
en_ran_init_ant_1f_a2_200_25_400_mop_r0_a1_1	175	0.0	0.0	2623.75	1160.0	1749999	512.5311	512.533	-3.3670475	-516.0662	682.2754	0.68589187	43455.34806346893
en_ran_init_ant_1f_a2_200_25_400_mop_r0_a1_1	176	0.0	0.0	1857.6	5000.0	1759999	529.5704	529.57074	-3.2233813	-533.2562	725.6238	0.6847371	43810.66972279549
en_ran_init_ant_1f_a2_200_25_400_mop_r0_a1_1	177	0.0	0.0	4512.5	1155.4	1769999	550.171	550.1705	-3.0026572	-554.00354	801.2275	0.674769	44074.619030714035
en_ran_init_ant_1f_a2_200_25_400_mop_r0_a1_1	178	0.0	0.0	2951.5	2155.0	1779999	569.07916	569.08014	-2.9213848	-572.9702	820.3003	0.667568	44368.01569342613
en_ran_init_ant_1f_a2_200_25_400_mop_r0_a1_1	179	0.0	0.0	1983.25	3131.4	1789999	588.75494	588.75775	-2.7886288	-592.749	845.7053	0.6636476	44682.14713215828
en_ran_init_ant_1f_a2_200_25_400_mop_r0_a1_1	180	0.0	0.0	1630.4	5000.0	1799999	607.9188	607.9166	-2.7782032	-611.8765	843.1586	0.6580758	45038.757432460785
en_ran_init_ant_1f_a2_200_25_400_mop_r0_a1_1	181	0.0	0.0	5000.0	200.0	1809999	619.0214	619.0213	-2.765938	-622.9541	852.399	0.66046613	45284.86554503441
en_ran_init_ant_1f_a2_200_25_400_mop_r0_a1_1	182	0.0	0.0	1931.6666	4040.0	1819999	630.3415	630.33954	-2.7646477	-634.31573	848.8945	0.6610344	45618.46537256241
en_ran_init_ant_1f_a2_200_25_400_mop_r0_a1_1	183	0.0	0.0	3919.0	3080.0	1829999	648.64557	648.64404	-2.7102082	-652.64	851.7641	0.66105175	45932.85603046417
en_ran_init_ant_1f_a2_200_25_400_mop_r0_a1_1	184	0.0	0.0	2154.6	1148.8	1839999	662.40717	662.4085	-2.8028622	-666.2477	864.0546	0.661967	46204.68535447121
en_ran_init_ant_1f_a2_200_25_400_mop_r0_a1_1	185	0.0	0.0	1977.6666	3080.0	1849999	675.1155	675.11237	-2.748597	-678.952	857.67	0.662549	46516.19079756737
en_ran_init_ant_1f_a2_200_25_400_mop_r0_a1_1	186	0.0	0.0	2368.5	4040.0	1859999	692.57684	692.57526	-2.544348	-696.5924	953.5044	0.661799	46857.292360305786
en_ran_init_ant_1f_a2_200_25_400_mop_r0_a1_1	187	0.0	0.0	4961.0	5000.0	1869999	715.11676	715.1172	-2.558475	-718.9503	967.6368	0.65510136	47213.75618863106
en_ran_init_ant_1f_a2_200_25_400_mop_r0_a1_1	188	0.0	0.0	2769.3333	1149.4	1879999	732.0834	732.08685	-2.5392156	-736.06885	1007.8897	0.6531534	47488.51418185234
en_ran_init_ant_1f_a2_200_25_400_mop_r0_a1_1	189	0.0	0.0	1819.5	4040.0	1889999	759.1326	759.13525	-2.3450494	-763.3524	1089.5417	0.6386747	47813.372329473495
en_ran_init_ant_1f_a2_200_25_400_mop_r0_a1_1	190	0.0	0.0	5000.0	2120.0	1899999	791.1847	791.1852	-2.2597094	-795.4858	1150.9828	0.63398457	48103.836738824844
en_ran_init_ant_1f_a2_200_25_400_mop_r0_a1_1	191	0.0	0.0	5000.0	3078.0	1909999	823.4001	823.3985	-2.1878104	-827.7483	1185.428	0.6299497	48425.02720332146
en_ran_init_ant_1f_a2_200_25_400_mop_r0_a1_1	192	0.0	0.0	3478.6667	3086.8	1919999	850.20734	850.2056	-2.1689794	-854.497	1213.9386	0.6268532	48739.532707214355
en_ran_init_ant_1f_a2_200_25_400_mop_r0_a1_1	193	0.0	0.0	2494.4	3115.0	1929999	878.2675	878.2684	-2.1726975	-882.643	1210.4872	0.63505906	49051.82023501396
en_ran_init_ant_1f_a2_200_25_400_mop_r0_a1_1	194	0.0	0.0	3425.6667	4040.0	1939999	902.0221	902.022	-2.190622	-906.325	1251.2416	0.6324548	49389.92844796181
en_ran_init_ant_1f_a2_200_25_400_mop_r0_a1_1	195	0.0	0.0	4214.0	4040.0	1949999	919.9972	919.9926	-2.184399	-924.2626	1266.8552	0.63366205	49722.044076919556
en_ran_init_ant_1f_a2_200_25_400_mop_r0_a1_1	196	0.0	0.0	2808.25	3072.8	1959999	937.4028	937.4032	-2.2370813	-941.6914	1262.5645	0.63557154	50035.35327744484
en_ran_init_ant_1f_a2_200_25_400_mop_r0_a1_1	197	0.0	0.0	5000.0	4040.0	1969999	954.3202	954.32294	-2.1679046	-958.5197	1331.6095	0.62685734	50368.724244594574
en_ran_init_ant_1f_a2_200_25_400_mop_r0_a1_1	198	0.0	0.0	3591.0	3080.0	1979999	970.76447	970.763	-2.192331	-974.9548	1270.3364	0.6339407	50682.92913722992
en_ran_init_ant_1f_a2_200_25_400_mop_r0_a1_1	199	0.0	0.0	2774.5	4095.0	1989999	993.35693	993.35913	-2.1531222	-997.6398	1241.0872	0.6339477	51006.94629240036
en_ran_init_ant_1f_a2_200_25_400_mop_r0_a1_1	200	0.0	0.0	5000.0	3082.6	1999999	1013.08453	1013.0833	-2.1746552	-1017.3262	1312.3687	0.6385466	51309.526661634445
en_ran_init_ant_1f_a2_200_25_400_mop_r0_a1_1	201	0.0	0.0	3219.5	4035.6	2009999	1033.9597	1033.9591	-2.1476214	-1038.1653	1314.3737	0.6317521	51633.0481133461
en_ran_init_ant_1f_a2_200_25_400_mop_r0_a1_1	202	0.0	0.0	1645.0	4040.0	2019999	1055.5061	1055.508	-2.097506	-1059.729	1386.824	0.6313594	51953.49991488457
en_ran_init_ant_1f_a2_200_25_400_mop_r0_a1_1	203	0.0	0.0	2800.0	5000.0	2029999	1080.0844	1080.0845	-2.080431	-1084.3763	1405.5414	0.6325683	52287.530051231384
en_ran_init_ant_1f_a2_200_25_400_mop_r0_a1_1	204	0.0	0.0	2618.75	4040.0	2039999	1103.7915	1103.7936	-2.1280015	-1107.9954	1386.1086	0.6354855	52611.037724494934
en_ran_init_ant_1f_a2_200_25_400_mop_r0_a1_1	205	0.0	0.0	4130.6665	1151.8	2049999	1122.0613	1122.0591	-2.1228664	-1126.2103	1406.6359	0.6279089	52879.40667009354
en_ran_init_ant_1f_a2_200_25_400_mop_r0_a1_1	206	0.0	0.0	2946.0	4029.8	2059999	1138.6852	1138.6855	-2.1371262	-1142.7698	1397.5142	0.62904054	53209.43607568741
en_ran_init_ant_1f_a2_200_25_400_mop_r0_a1_1	207	0.0	0.0	3863.6667	4026.0	2069999	1160.1685	1160.1665	-2.0604267	-1164.3502	1465.5217	0.6238626	53539.64010620117
en_ran_init_ant_1f_a2_200_25_400_mop_r0_a1_1	208	0.0	0.0	2301.5	5000.0	2079999	1186.9591	1186.9608	-2.1169124	-1191.1945	1471.2454	0.6306161	53893.45501041412
en_ran_init_ant_1f_a2_200_25_400_mop_r0_a1_1	209	0.0	0.0	3312.75	5000.0	2089999	1218.4542	1218.4526	-2.0622659	-1222.6769	1479.8638	0.63077456	54245.08315205574
en_ran_init_ant_1f_a2_200_25_400_mop_r0_a1_1	210	0.0	0.0	4012.0	3097.8	2099999	1247.3982	1247.3984	-2.0482454	-1251.6486	1571.4873	0.62736714	54553.74375152588
en_ran_init_ant_1f_a2_200_25_400_mop_r0_a1_1	211	0.0	0.0	2518.3333	2120.0	2109999	1275.2831	1275.2847	-2.044262	-1279.4906	1589.3007	0.6321832	54845.299705028534
en_ran_init_ant_1f_a2_200_25_400_mop_r0_a1_1	212	0.0	0.0	4260.0	5000.0	2119999	1299.3286	1299.3286	-2.0097	-1303.5258	1581.5325	0.626357	55199.959434747696
en_ran_init_ant_1f_a2_200_25_400_mop_r0_a1_1	213	0.0	0.0	4129.5	5000.0	2129999	1320.3652	1320.362	-2.053797	-1324.5446	1648.096	0.62776506	55550.98156642914
en_ran_init_ant_1f_a2_200_25_400_mop_r0_a1_1	214	0.0	0.0	3355.6667	5000.0	2139999	1342.4774	1342.478	-2.0283725	-1346.7083	1653.2487	0.6247979	55903.955426454544
en_ran_init_ant_1f_a2_200_25_400_mop_r0_a1_1	215	0.0	0.0	3303.0	5000.0	2149999	1367.3538	1367.3508	-2.0607255	-1371.4388	1707.544	0.6267748	56256.49276256561
en_ran_init_ant_1f_a2_200_25_400_mop_r0_a1_1	216	0.0	0.0	2094.0	5000.0	2159999	1386.6818	1386.6825	-2.1170416	-1390.619	1635.3369	0.6262125	56613.503427028656
en_ran_init_ant_1f_a2_200_25_400_mop_r0_a1_1	217	0.0	0.0	4009.5	3079.6	2169999	1404.0576	1404.055	-2.170087	-1407.8553	1602.624	0.6303454	56938.51287031174
en_ran_init_ant_1f_a2_200_25_400_mop_r0_a1_1	218	0.0	0.0	2320.6	3080.0	2179999	1419.6345	1419.6342	-2.1656961	-1423.4906	1678.8002	0.6293347	57255.55281352997
en_ran_init_ant_1f_a2_200_25_400_mop_r0_a1_1	219	0.0	0.0	3116.0	2120.0	2189999	1435.6593	1435.6581	-2.1333547	-1439.5044	1647.4646	0.6269525	57545.566684007645
en_ran_init_ant_1f_a2_200_25_400_mop_r0_a1_1	220	0.0	0.0	3347.6667	5000.0	2199999	1459.2804	1459.2808	-2.0507572	-1462.9923	1763.488	0.6196898	57902.841693639755
en_ran_init_ant_1f_a2_200_25_400_mop_r0_a1_1	221	0.0	0.0	5000.0	4040.0	2209999	1477.4088	1477.4111	-2.059217	-1481.2057	1724.2148	0.62117004	58236.19652414322
en_ran_init_ant_1f_a2_200_25_400_mop_r0_a1_1	222	0.0	0.0	1804.0	4040.0	2219999	1499.6969	1499.6956	-2.1117227	-1503.4802	1791.7458	0.61948544	58570.371695280075
en_ran_init_ant_1f_a2_200_25_400_mop_r0_a1_1	223	0.0	0.0	3420.6667	4039.2	2229999	1518.9884	1518.9869	-2.0892255	-1522.7245	1740.5999	0.6216964	58902.59485721588
en_ran_init_ant_1f_a2_200_25_400_mop_r0_a1_1	224	0.0	0.0	2638.6667	4040.0	2239999	1541.2113	1541.21	-2.1211097	-1544.808	1770.1862	0.62392986	59224.80026459694
en_ran_init_ant_1f_a2_200_25_400_mop_r0_a1_1	225	0.0	0.0	4241.0	4040.0	2249999	1557.6715	1557.6733	-2.1554444	-1561.1938	1806.184	0.6167462	59546.77449631691
en_ran_init_ant_1f_a2_200_25_400_mop_r0_a1_1	226	0.0	0.0	5000.0	2120.0	2259999	1576.3438	1576.3425	-2.190269	-1579.8934	1817.7152	0.621778	59827.559596300125
en_ran_init_ant_1f_a2_200_25_400_mop_r0_a1_1	227	0.0	0.0	5000.0	4035.0	2269999	1591.9619	1591.9597	-2.2085068	-1595.2963	1779.7867	0.6278128	60144.91693496704
en_ran_init_ant_1f_a2_200_25_400_mop_r0_a1_1	228	0.0	0.0	3340.0	4044.2	2279999	1605.1469	1605.1477	-2.282434	-1608.394	1770.3324	0.6260037	60464.818657159805
en_ran_init_ant_1f_a2_200_25_400_mop_r0_a1_1	229	0.0	0.0	3398.5	5000.0	2289999	1622.3942	1622.3918	-2.184964	-1625.6981	1659.9949	0.62131876	60808.48710489273
en_ran_init_ant_1f_a2_200_25_400_mop_r0_a1_1	230	0.0	0.0	3701.3333	5000.0	2299999	1642.7288	1642.7288	-2.2488787	-1645.8091	1740.3298	0.6224975	61150.65531420708
en_ran_init_ant_1f_a2_200_25_400_mop_r0_a1_1	231	0.0	0.0	4764.5	4040.0	2309999	1653.9795	1653.9774	-2.167121	-1657.0702	1809.3428	0.616111	61469.761494636536
en_ran_init_ant_1f_a2_200_25_400_mop_r0_a1_1	232	0.0	0.0	3780.3333	3079.8	2319999	1670.0557	1670.058	-2.2513468	-1673.1548	1697.9211	0.6232884	61769.85106277466
en_ran_init_ant_1f_a2_200_25_400_mop_r0_a1_1	233	0.0	0.0	4906.0	3060.8	2329999	1688.4307	1688.4326	-2.281837	-1691.5264	1722.1654	0.62476766	62067.61776947975
en_ran_init_ant_1f_a2_200_25_400_mop_r0_a1_1	234	0.0	0.0	4430.5	4040.0	2339999	1710.6646	1710.667	-2.260621	-1713.7882	1708.8195	0.62352175	62386.935819387436
en_ran_init_ant_1f_a2_200_25_400_mop_r0_a1_1	235	0.0	0.0	2976.25	4040.0	2349999	1738.5344	1738.5374	-2.3059108	-1741.407	1750.7166	0.6223031	62706.24132633209
en_ran_init_ant_1f_a2_200_25_400_mop_r0_a1_1	236	0.0	0.0	3294.3333	4037.2	2359999	1754.4521	1754.4524	-2.2645166	-1757.357	1686.8534	0.626104	63023.87746667862
en_ran_init_ant_1f_a2_200_25_400_mop_r0_a1_1	237	0.0	0.0	2504.3333	3120.0	2369999	1775.7451	1775.7454	-2.3169723	-1778.5388	1649.2231	0.62094283	63324.17059993744
en_ran_init_ant_1f_a2_200_25_400_mop_r0_a1_1	238	0.0	0.0	5000.0	3067.2	2379999	1793.4479	1793.4508	-2.3800633	-1796.2004	1620.3727	0.6249671	63625.7647190094
en_ran_init_ant_1f_a2_200_25_400_mop_r0_a1_1	239	0.0	0.0	4853.0	3080.0	2389999	1809.5553	1809.5549	-2.3287556	-1812.2938	1653.4623	0.62143123	63933.46168613434
en_ran_init_ant_1f_a2_200_25_400_mop_r0_a1_1	240	0.0	0.0	2722.0	4085.0	2399999	1830.948	1830.9496	-2.3320315	-1833.693	1713.0048	0.622431	64263.48496198654
en_ran_init_ant_1f_a2_200_25_400_mop_r0_a1_1	241	0.0	0.0	3379.0	5000.0	2409999	1852.7454	1852.7445	-2.364252	-1855.3488	1645.8411	0.61911	64617.96546769142
en_ran_init_ant_1f_a2_200_25_400_mop_r0_a1_1	242	0.0	0.0	4737.0	2123.2	2419999	1867.2148	1867.2122	-2.395751	-1869.652	1709.9694	0.6190799	64910.04464840889
en_ran_init_ant_1f_a2_200_25_400_mop_r0_a1_1	243	0.0	0.0	2261.3333	4040.0	2429999	1879.2178	1879.2168	-2.460316	-1881.5276	1668.176	0.622224	65245.384110212326
en_ran_init_ant_1f_a2_200_25_400_mop_r0_a1_1	244	0.0	0.0	3856.3333	3054.8	2439999	1893.0623	1893.0627	-2.43906	-1895.3376	1632.037	0.6263734	65561.97905087471
en_ran_init_ant_1f_a2_200_25_400_mop_r0_a1_1	245	0.0	0.0	3544.6667	5000.0	2449999	1909.4617	1909.463	-2.4608061	-1911.693	1642.226	0.6271185	65922.45935559273
en_ran_init_ant_1f_a2_200_25_400_mop_r0_a1_1	246	0.0	0.0	2431.6667	3065.6	2459999	1930.3551	1930.3539	-2.4199793	-1932.6324	1590.6506	0.6183123	66236.41921973228
en_ran_init_ant_1f_a2_200_25_400_mop_r0_a1_1	247	0.0	0.0	2766.6	3068.2	2469999	1943.8562	1943.8518	-2.4363303	-1945.9048	1747.1486	0.6150898	66551.199385643
en_ran_init_ant_1f_a2_200_25_400_mop_r0_a1_1	248	0.0	0.0	2546.25	1137.4	2479999	1960.4768	1960.4769	-2.412405	-1962.5118	1667.2491	0.62023324	66821.78914523125
en_ran_init_ant_1f_a2_200_25_400_mop_r0_a1_1	249	0.0	0.0	1951.25	4040.0	2489999	1980.5706	1980.5719	-2.405924	-1982.6234	1740.0264	0.6199332	67156.38238453865
en_ran_init_ant_1f_a2_200_25_400_mop_r0_a1_1	250	0.0	0.0	3752.0	5000.0	2499999	1998.996	1998.9934	-2.4783025	-2000.9796	1702.9965	0.6263097	67504.17002272606
en_ran_init_ant_1f_a2_200_25_400_mop_r0_a1_1	251	0.0	0.0	2106.2	4040.4	2509999	2015.2655	2015.2672	-2.4255977	-2017.2024	1640.1697	0.62128633	67830.664083004
en_ran_init_ant_1f_a2_200_25_400_mop_r0_a1_1	252	0.0	0.0	3508.3333	3079.6	2519999	2032.614	2032.6107	-2.4716952	-2034.505	1675.3514	0.6203569	68144.40028381348
en_ran_init_ant_1f_a2_200_25_400_mop_r0_a1_1	253	0.0	0.0	2692.5	2120.0	2529999	2048.7886	2048.79	-2.484543	-2050.5393	1844.4342	0.61318684	68433.13520216942
en_ran_init_ant_1f_a2_200_25_400_mop_r0_a1_1	254	0.0	0.0	3833.6667	3063.2	2539999	2066.7522	2066.7495	-2.54336	-2068.4797	1562.0927	0.6253453	68742.64861941338
en_ran_init_ant_1f_a2_200_25_400_mop_r0_a1_1	255	0.0	0.0	5000.0	2097.6	2549999	2078.9517	2078.9531	-2.5642855	-2080.6077	1648.6575	0.6174757	69035.62379384041
en_ran_init_ant_1f_a2_200_25_400_mop_r0_a1_1	256	0.0	0.0	5000.0	3069.6	2559999	2089.4934	2089.4922	-2.536346	-2091.118	1558.6604	0.62124133	69342.92912364006
en_ran_init_ant_1f_a2_200_25_400_mop_r0_a1_1	257	0.0	0.0	4085.0	4040.0	2569999	2100.8977	2100.8955	-2.6417012	-2102.5432	1455.7806	0.6323662	69674.00619649887
en_ran_init_ant_1f_a2_200_25_400_mop_r0_a1_1	258	0.0	0.0	3368.0	1152.2	2579999	2110.5886	2110.591	-2.697744	-2112.2122	1561.955	0.6293906	69940.06482434273
en_ran_init_ant_1f_a2_200_25_400_mop_r0_a1_1	259	0.0	0.0	5000.0	3080.0	2589999	2125.7122	2125.713	-2.6846259	-2127.3447	1465.1693	0.6272636	70249.65854120255
en_ran_init_ant_1f_a2_200_25_400_mop_r0_a1_1	260	0.0	0.0	5000.0	3080.0	2599999	2141.0652	2141.0662	-2.884418	-2142.6387	1457.2615	0.6414407	70559.47122955322
en_ran_init_ant_1f_a2_200_25_400_mop_r0_a1_1	261	0.0	0.0	3381.6667	1154.2	2609999	2158.0625	2158.0637	-2.8861902	-2159.551	1479.7028	0.6349428	70829.83703351021
en_ran_init_ant_1f_a2_200_25_400_mop_r0_a1_1	262	0.0	0.0	3096.25	5000.0	2619999	2173.8337	2173.8328	-2.7738588	-2175.3577	1495.2523	0.62690765	71179.076877594
en_ran_init_ant_1f_a2_200_25_400_mop_r0_a1_1	263	0.0	0.0	3264.0	4040.0	2629999	2184.1272	2184.1282	-2.7841709	-2185.6687	1487.7385	0.6403312	71506.5446562767
en_ran_init_ant_1f_a2_200_25_400_mop_r0_a1_1	264	0.0	0.0	4846.5	3080.0	2639999	2200.6152	2200.617	-2.7459788	-2202.1016	1576.9266	0.6380416	71815.68219232559
en_ran_init_ant_1f_a2_200_25_400_mop_r0_a1_1	265	0.0	0.0	5000.0	2115.6	2649999	2215.4666	2215.4653	-2.8981805	-2216.904	1460.7397	0.63566846	72103.44280982018
en_ran_init_ant_1f_a2_200_25_400_mop_r0_a1_1	266	0.0	0.0	4444.0	4040.0	2659999	2225.7783	2225.7773	-2.8952978	-2227.2366	1423.7925	0.6384036	72429.55220985413
en_ran_init_ant_1f_a2_200_25_400_mop_r0_a1_1	267	0.0	0.0	5000.0	4040.0	2669999	2235.7192	2235.7217	-2.843248	-2237.22	1405.6906	0.63498974	72760.24126148224
en_ran_init_ant_1f_a2_200_25_400_mop_r0_a1_1	268	0.0	0.0	3138.25	5000.0	2679999	2246.1338	2246.1287	-3.0082967	-2247.5625	1356.158	0.6464177	73109.8905801773
en_ran_init_ant_1f_a2_200_25_400_mop_r0_a1_1	269	0.0	0.0	5000.0	5000.0	2689999	2257.3877	2257.386	-3.0091999	-2258.863	1398.0537	0.64556503	73459.85145998001
en_ran_init_ant_1f_a2_200_25_400_mop_r0_a1_1	270	0.0	0.0	3530.0	5000.0	2699999	2266.475	2266.4766	-2.9842002	-2267.9607	1319.241	0.6467331	73807.54595971107
en_ran_init_ant_1f_a2_200_25_400_mop_r0_a1_1	271	0.0	0.0	2443.3333	193.6	2709999	2278.2998	2278.2969	-3.1002996	-2279.7666	1329.4916	0.6497124	74058.37825655937
en_ran_init_ant_1f_a2_200_25_400_mop_r0_a1_1	272	0.0	0.0	5000.0	162.6	2719999	2285.1758	2285.1763	-2.9557788	-2286.7117	1334.1598	0.6436325	74309.74162387848
en_ran_init_ant_1f_a2_200_25_400_mop_r0_a1_1	273	0.0	0.0	5000.0	3063.6	2729999	2297.6323	2297.6287	-3.117296	-2299.1387	1258.2404	0.65038455	74617.9773182869
en_ran_init_ant_1f_a2_200_25_400_mop_r0_a1_1	274	0.0	0.0	2010.1666	2190.8	2739999	2307.3057	2307.3057	-3.0575714	-2308.8389	1336.8378	0.6516952	74910.02827763557
en_ran_init_ant_1f_a2_200_25_400_mop_r0_a1_1	275	0.0	0.0	3061.0	2095.8	2749999	2317.9492	2317.9512	-3.0331717	-2319.4695	1383.4781	0.64876866	75203.1544649601
en_ran_init_ant_1f_a2_200_25_400_mop_r0_a1_1	276	0.0	0.0	5000.0	3066.6	2759999	2327.7144	2327.7168	-3.0301735	-2329.3816	1263.2535	0.65143216	75515.09092831612
en_ran_init_ant_1f_a2_200_25_400_mop_r0_a1_1	277	0.0	0.0	597.2917	1160.0	2769999	2348.9226	2348.921	-2.781604	-2350.8362	1712.4008	0.63889945	75785.50410342216
en_ran_init_ant_1f_a2_200_25_400_mop_r0_a1_1	278	0.0	0.0	254.075	233.2	2779999	2424.774	2424.767	-1.0403486	-2431.4912	3622.6228	0.62578225	76036.02364873886
en_ran_init_ant_1f_a2_200_25_400_mop_r0_a1_1	279	0.0	0.0	239.3	2184.6	2789999	2978.682	2978.6892	3.3050766	-2998.505	7768.3447	0.5296254	76288.65424156189
en_ran_init_ant_1f_a2_200_25_400_mop_r0_a1_1	280	0.0	0.0	401.59375	171.8	2799999	3809.9963	3809.9966	2.7173731	-3826.2715	7117.06	0.50679344	76505.6630077362
en_ran_init_ant_1f_a2_200_25_400_mop_r0_a1_1	281	0.0	0.0	297.47058	1290.6	2809999	4237.9033	4237.9067	0.951321	-4245.4824	6883.356	0.5283272	76746.41595435143
en_ran_init_ant_1f_a2_200_25_400_mop_r0_a1_1	282	0.0	0.0	900.1111	2205.0	2819999	4269.8633	4269.8696	-0.8003635	-4271.628	6083.2417	0.55466384	77009.2666811943
en_ran_init_ant_1f_a2_200_25_400_mop_r0_a1_1	283	0.0	0.0	1278.7142	3062.8	2829999	4167.5244	4167.525	-1.0068624	-4168.724	6135.166	0.57105285	77283.24334812164
en_ran_init_ant_1f_a2_200_25_400_mop_r0_a1_1	284	0.0	0.0	4152.6665	2120.0	2839999	4076.9758	4076.9817	-1.039806	-4078.5884	6167.942	0.561589	77543.87104535103
en_ran_init_ant_1f_a2_200_25_400_mop_r0_a1_1	285	0.0	0.0	2102.6667	200.0	2849999	3994.5503	3994.5593	-1.102748	-3996.2107	5428.129	0.56945664	77763.54573631287
en_ran_init_ant_1f_a2_200_25_400_mop_r0_a1_1	286	0.0	0.0	1571.4286	225.0	2859999	3915.2834	3915.2878	-1.2429088	-3917.163	4983.252	0.57915074	77986.37162685394
en_ran_init_ant_1f_a2_200_25_400_mop_r0_a1_1	287	0.0	0.0	3286.25	5000.0	2869999	3838.9883	3838.9827	-1.5370318	-3840.756	4474.0293	0.5835596	78300.74913883209
en_ran_init_ant_1f_a2_200_25_400_mop_r0_a1_1	288	0.0	0.0	1831.4	4040.0	2879999	3748.6047	3748.5974	-1.8246524	-3750.0393	3984.6577	0.59904796	78565.1024775505
en_ran_init_ant_1f_a2_200_25_400_mop_r0_a1_1	289	0.0	0.0	4078.0	1189.6	2889999	3660.8523	3660.8552	-1.9981965	-3662.4329	3484.6384	0.6053837	78777.76526331902
en_ran_init_ant_1f_a2_200_25_400_mop_r0_a1_1	290	0.0	0.0	3985.3333	5000.0	2899999	3593.0913	3593.0945	-1.9539845	-3594.9856	3444.3708	0.6151683	79040.80638813972
en_ran_init_ant_1f_a2_200_25_400_mop_r0_a1_1	291	0.0	0.0	5000.0	4006.4	2909999	3529.1775	3529.1802	-2.0075371	-3530.7952	3241.6763	0.6108734	79293.37311267853
en_ran_init_ant_1f_a2_200_25_400_mop_r0_a1_1	292	0.0	0.0	2027.5	5000.0	2919999	3462.6624	3462.659	-2.2081664	-3464.1177	3155.5393	0.61774784	79517.34473657608
en_ran_init_ant_1f_a2_200_25_400_mop_r0_a1_1	293	0.0	0.0	2997.25	4010.2	2929999	3404.933	3404.9338	-2.1407945	-3406.4988	2949.8066	0.62522024	79696.36238694191
en_ran_init_ant_1f_a2_200_25_400_mop_r0_a1_1	294	0.0	0.0	3187.5	5000.0	2939999	3353.3372	3353.3267	-2.0989342	-3354.901	3022.7236	0.60743797	79873.88488292694
en_ran_init_ant_1f_a2_200_25_400_mop_r0_a1_1	295	0.0	0.0	3497.0	5000.0	2949999	3304.0405	3304.0378	-2.2347448	-3305.5396	2771.1384	0.60968006	80050.914239645
en_ran_init_ant_1f_a2_200_25_400_mop_r0_a1_1	296	0.0	0.0	5000.0	5000.0	2959999	3256.2778	3256.274	-2.5044487	-3257.8037	2627.2537	0.63303393	80228.63266396523
en_ran_init_ant_1f_a2_200_25_400_mop_r0_a1_1	297	0.0	0.0	2661.4	4040.0	2969999	3208.04	3208.0356	-2.4762523	-3209.4563	2575.0498	0.6350844	80395.45977687836
en_ran_init_ant_1f_a2_200_25_400_mop_r0_a1_1	298	0.0	0.0	3238.5	4040.0	2979999	3162.5347	3162.5254	-2.413564	-3163.9863	2578.12	0.6254312	80562.66512441635
en_ran_init_ant_1f_a2_200_25_400_mop_r0_a1_1	299	0.0	0.0	2726.0	4040.0	2989999	3117.9014	3117.9019	-2.4024832	-3119.3726	2501.413	0.6274574	80731.35939049721
en_ran_init_ant_1f_a2_200_25_400_mop_r0_a1_1	300	0.0	0.0	3369.0	2120.0	2999999	3076.9514	3076.9485	-2.4769883	-3078.4568	2423.7908	0.62848264	80880.52613735199
