Experiment Name	Epoch	EpRet	TestEpRet	EpLen	TestEpLen	TotalEnvInteracts	Q1Vals	Q2Vals	LogPi	LossPi	LossQ	std	Time
en_ran_init_ant_1f_a2_200_25_400_mop_r0_a1_0	1	0.0	0.0	77.031006	137.0	9999	88.562614	88.56275	-4.391515	-94.18699	180.73862	0.8552231	174.43914675712585
en_ran_init_ant_1f_a2_200_25_400_mop_r0_a1_0	2	0.0	0.0	85.5812	62.4	19999	360.06143	360.07	0.36093116	-373.71634	1918.8824	0.7684959	368.3412673473358
en_ran_init_ant_1f_a2_200_25_400_mop_r0_a1_0	3	0.0	0.0	106.42553	187.6	29999	766.53827	766.5396	1.7983762	-778.5236	8068.97	0.7116047	604.0195577144623
en_ran_init_ant_1f_a2_200_25_400_mop_r0_a1_0	4	0.0	0.0	151.40909	200.0	39999	692.8118	692.8087	-0.56405145	-697.71576	5677.015	0.7017102	845.1638569831848
en_ran_init_ant_1f_a2_200_25_400_mop_r0_a1_0	5	0.0	0.0	159.49207	196.8	49999	520.4224	520.4125	-1.8606983	-524.131	2777.6453	0.7002967	1090.0865075588226
en_ran_init_ant_1f_a2_200_25_400_mop_r0_a1_0	6	0.0	0.0	164.98334	200.0	59999	387.771	387.76926	-2.7474155	-391.29016	1505.0938	0.7207571	1336.2328350543976
en_ran_init_ant_1f_a2_200_25_400_mop_r0_a1_0	7	0.0	0.0	150.12122	200.0	69999	293.11435	293.11093	-3.4423509	-296.6041	804.22327	0.74582726	1583.904378414154
en_ran_init_ant_1f_a2_200_25_400_mop_r0_a1_0	8	0.0	0.0	167.13115	200.0	79999	246.99442	246.99445	-3.8713198	-250.4529	517.2048	0.7657037	1831.9177367687225
en_ran_init_ant_1f_a2_200_25_400_mop_r0_a1_0	9	0.0	0.0	148.68657	200.0	89999	250.36052	250.36429	-3.954486	-253.84148	517.6877	0.76295096	2080.738759994507
en_ran_init_ant_1f_a2_200_25_400_mop_r0_a1_0	10	0.0	0.0	173.35088	200.0	99999	272.2315	272.23322	-3.8865373	-275.84613	557.15326	0.75232315	2329.6770129203796
en_ran_init_ant_1f_a2_200_25_400_mop_r0_a1_0	11	0.0	0.0	174.39655	200.0	109999	296.3659	296.36798	-3.795867	-299.98914	590.6876	0.7431392	2578.2438292503357
en_ran_init_ant_1f_a2_200_25_400_mop_r0_a1_0	12	0.0	0.0	174.3158	200.0	119999	312.19254	312.19415	-3.7371504	-315.8433	644.0743	0.7366105	2826.90976190567
en_ran_init_ant_1f_a2_200_25_400_mop_r0_a1_0	13	0.0	0.0	181.94545	200.0	129999	321.54718	321.5481	-3.7145493	-325.21747	656.3084	0.735144	3075.3455040454865
en_ran_init_ant_1f_a2_200_25_400_mop_r0_a1_0	14	0.0	0.0	207.29167	200.0	139999	331.04767	331.0487	-3.6592875	-334.74777	667.74677	0.7350448	3331.3638648986816
en_ran_init_ant_1f_a2_200_25_400_mop_r0_a1_0	15	0.0	0.0	188.0	200.0	149999	336.7257	336.72714	-3.7015088	-340.3971	665.7258	0.7354535	3589.677508831024
en_ran_init_ant_1f_a2_200_25_400_mop_r0_a1_0	16	0.0	0.0	182.88889	200.0	159999	340.25446	340.25403	-3.7189205	-343.87155	691.911	0.7366429	3847.906676530838
en_ran_init_ant_1f_a2_200_25_400_mop_r0_a1_0	17	0.0	0.0	197.58824	200.0	169999	342.78552	342.78827	-3.7200048	-346.2293	704.2797	0.73799527	4108.760659694672
en_ran_init_ant_1f_a2_200_25_400_mop_r0_a1_0	18	0.0	0.0	229.34883	200.0	179999	350.22763	350.2279	-3.6659994	-353.71536	739.9112	0.7349602	4370.291098356247
en_ran_init_ant_1f_a2_200_25_400_mop_r0_a1_0	19	0.0	0.0	196.09804	200.0	189999	355.51923	355.52	-3.6364968	-358.91138	778.0376	0.7346452	4629.966953754425
en_ran_init_ant_1f_a2_200_25_400_mop_r0_a1_0	20	0.0	0.0	219.71739	200.0	199999	354.53104	354.5321	-3.6129766	-357.85397	794.7158	0.7326232	4886.861856222153
en_ran_init_ant_1f_a2_200_25_400_mop_r0_a1_0	21	0.0	0.0	209.5625	200.0	209999	360.3414	360.342	-3.5498133	-363.6705	873.5474	0.7308419	5135.746391296387
en_ran_init_ant_1f_a2_200_25_400_mop_r0_a1_0	22	0.0	0.0	217.58696	200.0	219999	366.19193	366.19196	-3.4661765	-369.4871	950.4747	0.7322469	5386.313381910324
en_ran_init_ant_1f_a2_200_25_400_mop_r0_a1_0	23	0.0	0.0	216.89131	200.0	229999	371.80905	371.81082	-3.4065952	-374.8679	1059.3658	0.7284278	5638.9453184604645
en_ran_init_ant_1f_a2_200_25_400_mop_r0_a1_0	24	0.0	0.0	243.90244	200.0	239999	379.21487	379.21686	-3.2329905	-382.35135	1161.6808	0.72443974	5891.812350511551
en_ran_init_ant_1f_a2_200_25_400_mop_r0_a1_0	25	0.0	0.0	259.10526	200.0	249999	386.58563	386.5877	-3.1427557	-389.6448	1285.933	0.72393596	6146.364990472794
en_ran_init_ant_1f_a2_200_25_400_mop_r0_a1_0	26	0.0	0.0	234.32558	200.0	259999	393.28827	393.28757	-3.0505097	-396.28772	1397.643	0.7228628	6406.744923591614
en_ran_init_ant_1f_a2_200_25_400_mop_r0_a1_0	27	0.0	0.0	224.42223	200.0	269999	397.75473	397.75208	-2.965376	-400.75198	1455.8561	0.7213877	6664.161489725113
en_ran_init_ant_1f_a2_200_25_400_mop_r0_a1_0	28	0.0	0.0	294.05884	200.0	279999	398.90506	398.9053	-2.879509	-401.79395	1525.3004	0.71790266	6920.292643547058
en_ran_init_ant_1f_a2_200_25_400_mop_r0_a1_0	29	0.0	0.0	245.725	200.0	289999	405.8468	405.84326	-2.785458	-408.6885	1597.2476	0.7112075	7177.164972543716
en_ran_init_ant_1f_a2_200_25_400_mop_r0_a1_0	30	0.0	0.0	298.82352	200.0	299999	404.60242	404.60068	-2.7735448	-407.24677	1559.959	0.7121882	7432.333678483963
en_ran_init_ant_1f_a2_200_25_400_mop_r0_a1_0	31	0.0	0.0	568.0	200.0	309999	406.07584	406.07297	-2.845432	-408.4673	1470.549	0.71006066	7685.770983219147
en_ran_init_ant_1f_a2_200_25_400_mop_r0_a1_0	32	0.0	0.0	356.32144	200.0	319999	400.33185	400.32846	-2.8031585	-402.6893	1458.5321	0.7081441	7938.71879529953
en_ran_init_ant_1f_a2_200_25_400_mop_r0_a1_0	33	0.0	0.0	450.17392	200.0	329999	393.78015	393.7783	-2.7389097	-396.07217	1493.705	0.70437044	8191.197555541992
en_ran_init_ant_1f_a2_200_25_400_mop_r0_a1_0	34	0.0	0.0	391.08	200.0	339999	389.48352	389.48013	-2.8056252	-391.6895	1476.1556	0.70677966	8443.789218902588
en_ran_init_ant_1f_a2_200_25_400_mop_r0_a1_0	35	0.0	0.0	495.4	200.0	349999	381.82217	381.8231	-2.8171194	-383.98846	1358.3616	0.7076817	8695.77607369423
en_ran_init_ant_1f_a2_200_25_400_mop_r0_a1_0	36	0.0	0.0	640.7692	200.0	359999	378.78177	378.77982	-2.813206	-380.99008	1285.1732	0.7022957	8946.60873389244
en_ran_init_ant_1f_a2_200_25_400_mop_r0_a1_0	37	0.0	0.0	418.6154	200.0	369999	377.79993	377.79965	-2.8564	-380.02216	1162.081	0.7038457	9198.814190387726
en_ran_init_ant_1f_a2_200_25_400_mop_r0_a1_0	38	0.0	0.0	779.7692	200.0	379999	372.0103	372.00992	-2.9855144	-374.12894	1065.556	0.70624685	9449.887649059296
en_ran_init_ant_1f_a2_200_25_400_mop_r0_a1_0	39	0.0	0.0	693.9286	200.0	389999	368.6513	368.65155	-2.963029	-370.8282	1041.2592	0.7030505	9701.248310565948
en_ran_init_ant_1f_a2_200_25_400_mop_r0_a1_0	40	0.0	0.0	744.0	200.0	399999	367.1835	367.1843	-2.9919937	-369.3369	987.4928	0.7012753	9952.48403429985
en_ran_init_ant_1f_a2_200_25_400_mop_r0_a1_0	41	0.0	0.0	476.0476	200.0	409999	364.17462	364.17404	-3.08557	-366.3276	931.8353	0.700267	10203.03539466858
en_ran_init_ant_1f_a2_200_25_400_mop_r0_a1_0	42	0.0	0.0	381.92	200.0	419999	359.76157	359.75955	-3.1528852	-361.87006	885.9119	0.70238096	10454.8089697361
en_ran_init_ant_1f_a2_200_25_400_mop_r0_a1_0	43	0.0	0.0	441.63635	200.0	429999	358.05576	358.0545	-3.1410801	-360.20673	862.4698	0.70090127	10705.443177461624
en_ran_init_ant_1f_a2_200_25_400_mop_r0_a1_0	44	0.0	0.0	827.8461	200.0	439999	358.40808	358.4069	-3.1776319	-360.52744	843.7417	0.7019982	10958.657449007034
en_ran_init_ant_1f_a2_200_25_400_mop_r0_a1_0	45	0.0	0.0	344.06897	200.0	449999	360.70822	360.70676	-3.1605637	-362.85556	848.6196	0.69865936	11208.39059305191
en_ran_init_ant_1f_a2_200_25_400_mop_r0_a1_0	46	0.0	0.0	364.8846	200.0	459999	359.42828	359.4258	-3.1999936	-361.61432	825.411	0.70116466	11457.21815085411
en_ran_init_ant_1f_a2_200_25_400_mop_r0_a1_0	47	0.0	0.0	417.64	200.0	469999	361.40182	361.39948	-3.2436574	-363.58725	796.8103	0.7015587	11708.983173370361
en_ran_init_ant_1f_a2_200_25_400_mop_r0_a1_0	48	0.0	0.0	449.61905	200.0	479999	367.02576	367.0227	-3.2757099	-369.2683	768.41766	0.7043362	11958.500892877579
en_ran_init_ant_1f_a2_200_25_400_mop_r0_a1_0	49	0.0	0.0	279.77777	200.0	489999	373.04395	373.04214	-3.2986512	-375.32907	738.6679	0.70567274	12207.050093889236
en_ran_init_ant_1f_a2_200_25_400_mop_r0_a1_0	50	0.0	0.0	255.89743	200.0	499999	379.91888	379.9155	-3.2788856	-382.25775	740.1523	0.70134085	12457.387919187546
en_ran_init_ant_1f_a2_200_25_400_mop_r0_a1_0	51	0.0	0.0	535.7368	200.0	509999	390.50436	390.50064	-3.26759	-392.7989	761.3171	0.7021298	12707.238705158234
en_ran_init_ant_1f_a2_200_25_400_mop_r0_a1_0	52	0.0	0.0	1029.8	200.0	519999	401.07126	401.06845	-3.2453516	-403.4274	744.1735	0.70372087	12958.105207920074
en_ran_init_ant_1f_a2_200_25_400_mop_r0_a1_0	53	0.0	0.0	493.70587	200.0	529999	413.49796	413.4956	-3.2274418	-415.84006	747.10706	0.70120585	13207.356435775757
en_ran_init_ant_1f_a2_200_25_400_mop_r0_a1_0	54	0.0	0.0	985.25	200.0	539999	427.26987	427.26694	-3.211112	-429.56714	750.7687	0.70193046	13457.113491296768
en_ran_init_ant_1f_a2_200_25_400_mop_r0_a1_0	55	0.0	0.0	330.5238	200.0	549999	437.8846	437.88333	-3.1749303	-440.1609	769.9092	0.6989993	13707.743973493576
en_ran_init_ant_1f_a2_200_25_400_mop_r0_a1_0	56	0.0	0.0	557.3182	200.0	559999	448.32935	448.3282	-3.1671906	-450.612	761.3096	0.6997952	13958.326789855957
en_ran_init_ant_1f_a2_200_25_400_mop_r0_a1_0	57	0.0	0.0	1098.0	200.0	569999	454.76703	454.76492	-3.152015	-456.99966	787.798	0.69906026	14209.13346028328
en_ran_init_ant_1f_a2_200_25_400_mop_r0_a1_0	58	0.0	0.0	1752.0	200.0	579999	466.33374	466.3323	-3.083749	-468.5576	826.6653	0.69684625	14459.502361774445
en_ran_init_ant_1f_a2_200_25_400_mop_r0_a1_0	59	0.0	0.0	815.25	200.0	589999	477.90677	477.90552	-3.0733268	-480.0687	858.1089	0.6985	14709.573076725006
en_ran_init_ant_1f_a2_200_25_400_mop_r0_a1_0	60	0.0	0.0	902.7273	200.0	599999	490.30197	490.301	-3.043838	-492.4737	881.7211	0.6970168	14958.828455209732
en_ran_init_ant_1f_a2_200_25_400_mop_r0_a1_0	61	0.0	0.0	1685.8334	200.0	609999	503.74594	503.74265	-2.9294639	-505.90936	934.5477	0.6910087	15207.158474683762
en_ran_init_ant_1f_a2_200_25_400_mop_r0_a1_0	62	0.0	0.0	1389.5	200.0	619999	517.5294	517.5278	-2.8279054	-519.6898	1002.0647	0.6852883	15457.904767751694
en_ran_init_ant_1f_a2_200_25_400_mop_r0_a1_0	63	0.0	0.0	1057.4166	200.0	629999	532.35474	532.3524	-2.7291532	-534.5207	1017.1015	0.6827843	15707.819996118546
en_ran_init_ant_1f_a2_200_25_400_mop_r0_a1_0	64	0.0	0.0	1686.6	200.0	639999	546.9252	546.9231	-2.7331638	-549.0165	1044.1671	0.68149316	15958.05315732956
en_ran_init_ant_1f_a2_200_25_400_mop_r0_a1_0	65	0.0	0.0	2174.6667	200.0	649999	561.4523	561.4528	-2.6754963	-563.6646	1068.0479	0.68317896	16208.023527860641
en_ran_init_ant_1f_a2_200_25_400_mop_r0_a1_0	66	0.0	0.0	2763.6667	1160.0	659999	580.685	580.68134	-2.516088	-582.9238	1147.4604	0.6748991	16475.548510551453
en_ran_init_ant_1f_a2_200_25_400_mop_r0_a1_0	67	0.0	0.0	4029.3333	1160.0	669999	596.81134	596.8093	-2.4697502	-599.0748	1128.482	0.67400515	16744.601671934128
en_ran_init_ant_1f_a2_200_25_400_mop_r0_a1_0	68	0.0	0.0	1576.8	2413.0	679999	612.7169	612.71313	-2.3903525	-615.0932	1191.5652	0.6707034	17040.777445316315
en_ran_init_ant_1f_a2_200_25_400_mop_r0_a1_0	69	0.0	0.0	4102.5	200.0	689999	632.1705	632.16754	-2.2591753	-634.58356	1249.3052	0.66651154	17291.41712641716
en_ran_init_ant_1f_a2_200_25_400_mop_r0_a1_0	70	0.0	0.0	2775.8	3080.0	699999	650.2847	650.284	-2.277318	-652.7061	1241.3652	0.66663796	17601.32527446747
en_ran_init_ant_1f_a2_200_25_400_mop_r0_a1_0	71	0.0	0.0	2574.25	200.0	709999	667.63715	667.63556	-2.202312	-670.0216	1315.0114	0.65626174	17849.354667186737
en_ran_init_ant_1f_a2_200_25_400_mop_r0_a1_0	72	0.0	0.0	2451.0	3080.0	719999	682.2774	682.2785	-2.1800435	-684.6962	1320.6854	0.65591186	18159.161640644073
en_ran_init_ant_1f_a2_200_25_400_mop_r0_a1_0	73	0.0	0.0	3170.3333	4040.0	729999	703.1587	703.15674	-2.1501381	-705.6695	1363.9958	0.65558183	18489.976546049118
en_ran_init_ant_1f_a2_200_25_400_mop_r0_a1_0	74	0.0	0.0	3166.5	1160.0	739999	720.3895	720.3889	-2.0549657	-722.882	1432.6385	0.6492907	18758.833171367645
en_ran_init_ant_1f_a2_200_25_400_mop_r0_a1_0	75	0.0	0.0	2269.8	3080.0	749999	741.83136	741.83105	-1.9819945	-744.46497	1447.1222	0.6490833	19067.673602342606
en_ran_init_ant_1f_a2_200_25_400_mop_r0_a1_0	76	0.0	0.0	2436.0	2120.0	759999	764.82294	764.8202	-1.938754	-767.4565	1486.4286	0.64499265	19357.224500894547
en_ran_init_ant_1f_a2_200_25_400_mop_r0_a1_0	77	0.0	0.0	1787.1666	194.6	769999	782.41486	782.4113	-1.8017297	-785.0994	1590.6808	0.64003515	19606.912838220596
en_ran_init_ant_1f_a2_200_25_400_mop_r0_a1_0	78	0.0	0.0	3584.0	3080.0	779999	806.7318	806.72986	-1.7331295	-809.5349	1632.7102	0.6346722	19917.670704841614
en_ran_init_ant_1f_a2_200_25_400_mop_r0_a1_0	79	0.0	0.0	4093.0	4040.0	789999	828.45557	828.4529	-1.7140207	-831.35077	1703.3942	0.6346363	20248.1267414093
en_ran_init_ant_1f_a2_200_25_400_mop_r0_a1_0	80	0.0	0.0	2205.6667	200.0	799999	847.3181	847.31915	-1.6824414	-850.1382	1666.4958	0.6354428	20497.990369558334
en_ran_init_ant_1f_a2_200_25_400_mop_r0_a1_0	81	0.0	0.0	2863.75	3080.0	809999	867.67554	867.6744	-1.6728175	-870.6486	1661.9479	0.63348114	20808.720079421997
en_ran_init_ant_1f_a2_200_25_400_mop_r0_a1_0	82	0.0	0.0	3459.0	4040.0	819999	885.7228	885.7246	-1.7027913	-888.6512	1724.6436	0.63580596	21138.952711582184
en_ran_init_ant_1f_a2_200_25_400_mop_r0_a1_0	83	0.0	0.0	5000.0	2120.0	829999	905.55835	905.557	-1.6646146	-908.5591	1738.8073	0.63399094	21427.480803728104
en_ran_init_ant_1f_a2_200_25_400_mop_r0_a1_0	84	0.0	0.0	2812.3333	4040.0	839999	924.91565	924.91547	-1.607387	-927.9405	1794.657	0.6320243	21753.131853342056
en_ran_init_ant_1f_a2_200_25_400_mop_r0_a1_0	85	0.0	0.0	2668.25	5000.0	849999	942.9185	942.9188	-1.6580105	-945.9946	1839.3408	0.63151056	22099.705498218536
en_ran_init_ant_1f_a2_200_25_400_mop_r0_a1_0	86	0.0	0.0	2378.0	4040.0	859999	960.4013	960.40344	-1.6564959	-963.4272	1848.0452	0.6319882	22430.986417770386
en_ran_init_ant_1f_a2_200_25_400_mop_r0_a1_0	87	0.0	0.0	3921.5	2109.2	869999	980.96515	980.96356	-1.5406203	-984.0642	1930.93	0.628293	22720.874163627625
en_ran_init_ant_1f_a2_200_25_400_mop_r0_a1_0	88	0.0	0.0	2306.6	4040.0	879999	1002.6402	1002.6387	-1.631752	-1005.6886	1895.3763	0.63252014	23047.94771695137
en_ran_init_ant_1f_a2_200_25_400_mop_r0_a1_0	89	0.0	0.0	3414.0	2120.0	889999	1024.4081	1024.4113	-1.5770305	-1027.6012	1958.9095	0.6251457	23335.65380167961
en_ran_init_ant_1f_a2_200_25_400_mop_r0_a1_0	90	0.0	0.0	3364.3333	4040.0	899999	1041.9181	1041.9196	-1.5869635	-1045.0461	1998.5834	0.62470233	23665.92041683197
en_ran_init_ant_1f_a2_200_25_400_mop_r0_a1_0	91	0.0	0.0	3382.0	4040.0	909999	1062.407	1062.406	-1.547334	-1065.5892	2019.9135	0.6268665	23995.98955154419
en_ran_init_ant_1f_a2_200_25_400_mop_r0_a1_0	92	0.0	0.0	3397.3333	5000.0	919999	1078.8925	1078.8936	-1.5752372	-1082.0417	2041.2142	0.623935	24343.809141397476
en_ran_init_ant_1f_a2_200_25_400_mop_r0_a1_0	93	0.0	0.0	2109.6	5000.0	929999	1095.892	1095.8917	-1.527181	-1099.0006	2065.7778	0.62702703	24694.429597377777
en_ran_init_ant_1f_a2_200_25_400_mop_r0_a1_0	94	0.0	0.0	5000.0	2120.0	939999	1110.4034	1110.404	-1.5278953	-1113.4594	2170.035	0.625	24982.72887825966
en_ran_init_ant_1f_a2_200_25_400_mop_r0_a1_0	95	0.0	0.0	3353.3333	4040.0	949999	1127.5579	1127.5582	-1.5368396	-1130.6654	2125.0376	0.62341297	25310.64840912819
en_ran_init_ant_1f_a2_200_25_400_mop_r0_a1_0	96	0.0	0.0	5000.0	4040.0	959999	1143.7595	1143.7579	-1.4966819	-1146.9036	2177.4622	0.62262267	25639.11570596695
en_ran_init_ant_1f_a2_200_25_400_mop_r0_a1_0	97	0.0	0.0	5000.0	3080.0	969999	1161.6416	1161.6416	-1.5737603	-1164.7522	2196.85	0.6247397	25944.41223216057
en_ran_init_ant_1f_a2_200_25_400_mop_r0_a1_0	98	0.0	0.0	1799.25	5000.0	979999	1174.3208	1174.3214	-1.5663025	-1177.4069	2185.6384	0.6245683	26293.303306102753
en_ran_init_ant_1f_a2_200_25_400_mop_r0_a1_0	99	0.0	0.0	5000.0	4040.0	989999	1186.0743	1186.0771	-1.5427911	-1189.1927	2220.2493	0.62542033	26621.418377161026
en_ran_init_ant_1f_a2_200_25_400_mop_r0_a1_0	100	0.0	0.0	5000.0	4039.4	999999	1205.7466	1205.7468	-1.4740442	-1208.8793	2234.4812	0.62021244	26948.159511566162
en_ran_init_ant_1f_a2_200_25_400_mop_r0_a1_0	101	0.0	0.0	3817.0	5000.0	1009999	1227.8934	1227.8931	-1.4346447	-1231.0482	2211.7468	0.6177256	27291.99705862999
en_ran_init_ant_1f_a2_200_25_400_mop_r0_a1_0	102	0.0	0.0	5000.0	4037.6	1019999	1250.5519	1250.5541	-1.5549986	-1253.5494	2137.0027	0.62788177	27614.830865859985
en_ran_init_ant_1f_a2_200_25_400_mop_r0_a1_0	103	0.0	0.0	3186.3333	4040.0	1029999	1274.4822	1274.4806	-1.5771698	-1277.4517	2192.5571	0.62446195	27943.83682346344
en_ran_init_ant_1f_a2_200_25_400_mop_r0_a1_0	104	0.0	0.0	5000.0	5000.0	1039999	1297.156	1297.1598	-1.5491418	-1299.9725	2161.4468	0.6210513	28294.84915661812
en_ran_init_ant_1f_a2_200_25_400_mop_r0_a1_0	105	0.0	0.0	4131.5	5000.0	1049999	1318.1133	1318.111	-1.5670719	-1320.8287	2207.5703	0.62476534	28645.178225040436
en_ran_init_ant_1f_a2_200_25_400_mop_r0_a1_0	106	0.0	0.0	5000.0	5000.0	1059999	1341.9629	1341.9629	-1.574259	-1344.8136	2157.41	0.62403506	28993.26110649109
en_ran_init_ant_1f_a2_200_25_400_mop_r0_a1_0	107	0.0	0.0	5000.0	4040.0	1069999	1367.2021	1367.2002	-1.6086334	-1369.9379	2089.1265	0.6269384	29324.35292339325
en_ran_init_ant_1f_a2_200_25_400_mop_r0_a1_0	108	0.0	0.0	3732.3333	4040.0	1079999	1385.7251	1385.7241	-1.5606176	-1388.3334	2234.58	0.62059957	29650.42833518982
en_ran_init_ant_1f_a2_200_25_400_mop_r0_a1_0	109	0.0	0.0	5000.0	2104.6	1089999	1402.8273	1402.8279	-1.594684	-1405.3918	2080.358	0.624853	29937.353048801422
en_ran_init_ant_1f_a2_200_25_400_mop_r0_a1_0	110	0.0	0.0	2802.5	5000.0	1099999	1426.9321	1426.9331	-1.6798484	-1429.5312	1975.0168	0.6336495	30285.91462302208
en_ran_init_ant_1f_a2_200_25_400_mop_r0_a1_0	111	0.0	0.0	2153.0	4042.0	1109999	1450.6509	1450.6514	-1.8640369	-1453.2056	1988.4572	0.63820136	30612.51734662056
en_ran_init_ant_1f_a2_200_25_400_mop_r0_a1_0	112	0.0	0.0	5000.0	5000.0	1119999	1473.4854	1473.4845	-1.7702588	-1475.9976	2041.8575	0.6338154	30962.709562063217
en_ran_init_ant_1f_a2_200_25_400_mop_r0_a1_0	113	0.0	0.0	2601.6667	5000.0	1129999	1496.2728	1496.2697	-1.7372173	-1498.5374	2098.509	0.63124245	31312.61010146141
en_ran_init_ant_1f_a2_200_25_400_mop_r0_a1_0	114	0.0	0.0	4859.5	5000.0	1139999	1514.0005	1513.9971	-1.7325633	-1516.2262	2023.2678	0.6345451	31663.412383317947
en_ran_init_ant_1f_a2_200_25_400_mop_r0_a1_0	115	0.0	0.0	5000.0	4040.0	1149999	1532.6892	1532.6884	-1.8773476	-1534.9254	1950.7784	0.641468	31991.51504945755
en_ran_init_ant_1f_a2_200_25_400_mop_r0_a1_0	116	0.0	0.0	5000.0	3120.0	1159999	1549.7871	1549.7877	-1.7613734	-1551.904	2056.976	0.6324591	32304.213586091995
en_ran_init_ant_1f_a2_200_25_400_mop_r0_a1_0	117	0.0	0.0	3890.3333	5000.0	1169999	1567.8431	1567.8405	-1.8458158	-1570.0615	1922.262	0.6321203	32656.352229595184
en_ran_init_ant_1f_a2_200_25_400_mop_r0_a1_0	118	0.0	0.0	3885.0	3079.0	1179999	1586.5819	1586.5817	-1.878995	-1588.6755	1915.791	0.63831097	32968.93782186508
en_ran_init_ant_1f_a2_200_25_400_mop_r0_a1_0	119	0.0	0.0	3310.6667	5000.0	1189999	1603.3599	1603.3579	-1.8425565	-1605.3745	1971.0278	0.63660556	33319.57739830017
en_ran_init_ant_1f_a2_200_25_400_mop_r0_a1_0	120	0.0	0.0	3723.0	5000.0	1199999	1618.6884	1618.6886	-1.8278375	-1620.649	1999.2596	0.62846315	33670.198828458786
en_ran_init_ant_1f_a2_200_25_400_mop_r0_a1_0	121	0.0	0.0	3400.0	2120.0	1209999	1634.0415	1634.0381	-1.9258374	-1635.968	1861.858	0.63441277	33959.00179243088
en_ran_init_ant_1f_a2_200_25_400_mop_r0_a1_0	122	0.0	0.0	4163.0	5000.0	1219999	1646.4069	1646.407	-2.071279	-1648.2715	1910.0981	0.6413945	34309.210124731064
en_ran_init_ant_1f_a2_200_25_400_mop_r0_a1_0	123	0.0	0.0	3177.0	4030.8	1229999	1661.4373	1661.4377	-1.8866544	-1663.2432	1887.4224	0.63604534	34637.46117091179
en_ran_init_ant_1f_a2_200_25_400_mop_r0_a1_0	124	0.0	0.0	2475.75	4040.0	1239999	1677.1227	1677.1224	-2.1075802	-1678.9875	1839.4686	0.64683723	34970.095326423645
en_ran_init_ant_1f_a2_200_25_400_mop_r0_a1_0	125	0.0	0.0	5000.0	5000.0	1249999	1691.793	1691.7933	-2.026465	-1693.501	1835.258	0.6391643	35317.47277903557
en_ran_init_ant_1f_a2_200_25_400_mop_r0_a1_0	126	0.0	0.0	4915.0	3065.6	1259999	1705.3618	1705.3594	-2.1474967	-1707.138	1784.2509	0.6447306	35626.14063024521
en_ran_init_ant_1f_a2_200_25_400_mop_r0_a1_0	127	0.0	0.0	4032.0	4036.2	1269999	1722.224	1722.222	-2.1378622	-1723.8763	1827.5476	0.6412692	35956.45364546776
en_ran_init_ant_1f_a2_200_25_400_mop_r0_a1_0	128	0.0	0.0	3048.25	4112.6	1279999	1738.3317	1738.3333	-2.1165898	-1739.944	1795.4968	0.64251125	36288.775262117386
en_ran_init_ant_1f_a2_200_25_400_mop_r0_a1_0	129	0.0	0.0	5000.0	5000.0	1289999	1753.9692	1753.9686	-2.2382605	-1755.6228	1725.8232	0.6521894	36636.81794691086
en_ran_init_ant_1f_a2_200_25_400_mop_r0_a1_0	130	0.0	0.0	3584.5	5000.0	1299999	1770.7579	1770.7589	-2.2194095	-1772.4142	1696.0192	0.64636725	36990.32666540146
en_ran_init_ant_1f_a2_200_25_400_mop_r0_a1_0	131	0.0	0.0	3358.6667	5000.0	1309999	1789.9	1789.8971	-2.3123388	-1791.598	1707.81	0.6481006	37341.81324052811
en_ran_init_ant_1f_a2_200_25_400_mop_r0_a1_0	132	0.0	0.0	5000.0	4040.0	1319999	1806.8157	1806.8164	-2.2768006	-1808.4258	1662.8711	0.6504987	37673.99132013321
en_ran_init_ant_1f_a2_200_25_400_mop_r0_a1_0	133	0.0	0.0	5000.0	4040.0	1329999	1825.7047	1825.7014	-2.381205	-1827.377	1578.0197	0.657549	38008.59183216095
en_ran_init_ant_1f_a2_200_25_400_mop_r0_a1_0	134	0.0	0.0	1947.6666	5000.0	1339999	1845.6095	1845.6083	-2.5042377	-1847.1528	1672.649	0.6570562	38362.82396030426
en_ran_init_ant_1f_a2_200_25_400_mop_r0_a1_0	135	0.0	0.0	4816.0	4030.4	1349999	1864.2113	1864.2108	-2.3933094	-1865.7496	1627.6241	0.64963555	38691.61406469345
en_ran_init_ant_1f_a2_200_25_400_mop_r0_a1_0	136	0.0	0.0	4604.0	3080.0	1359999	1879.1113	1879.1108	-2.421637	-1880.6613	1631.4429	0.6584229	39004.15301680565
en_ran_init_ant_1f_a2_200_25_400_mop_r0_a1_0	137	0.0	0.0	3886.3333	2090.8	1369999	1890.744	1890.7463	-2.4743483	-1892.285	1581.7568	0.6596227	39294.45349884033
en_ran_init_ant_1f_a2_200_25_400_mop_r0_a1_0	138	0.0	0.0	5000.0	5000.0	1379999	1905.2329	1905.2335	-2.4431834	-1906.826	1603.579	0.66180354	39648.33993911743
en_ran_init_ant_1f_a2_200_25_400_mop_r0_a1_0	139	0.0	0.0	5000.0	5000.0	1389999	1923.065	1923.0621	-2.4654543	-1924.7034	1551.279	0.6556993	39999.4146335125
en_ran_init_ant_1f_a2_200_25_400_mop_r0_a1_0	140	0.0	0.0	5000.0	4040.0	1399999	1944.2133	1944.2119	-2.4233682	-1945.8268	1536.4452	0.6597921	40331.47013711929
en_ran_init_ant_1f_a2_200_25_400_mop_r0_a1_0	141	0.0	0.0	2706.75	3074.4	1409999	1959.021	1959.0206	-2.4421108	-1960.692	1594.3722	0.6623	40642.11133122444
en_ran_init_ant_1f_a2_200_25_400_mop_r0_a1_0	142	0.0	0.0	3566.6667	5000.0	1419999	1979.4227	1979.4237	-2.5554123	-1980.9524	1449.867	0.6580748	40997.94476914406
en_ran_init_ant_1f_a2_200_25_400_mop_r0_a1_0	143	0.0	0.0	2327.5	3080.0	1429999	1992.9006	1992.9006	-2.591318	-1994.3956	1518.6599	0.66282535	41309.41178536415
en_ran_init_ant_1f_a2_200_25_400_mop_r0_a1_0	144	0.0	0.0	3348.6667	1160.0	1439999	2005.4244	2005.425	-2.6819985	-2006.9095	1484.7906	0.6652755	41581.078120708466
en_ran_init_ant_1f_a2_200_25_400_mop_r0_a1_0	145	0.0	0.0	3101.6667	3080.0	1449999	2016.5424	2016.5431	-2.6515102	-2018.0322	1472.6008	0.6606312	41890.072536468506
en_ran_init_ant_1f_a2_200_25_400_mop_r0_a1_0	146	0.0	0.0	3783.5	4040.0	1459999	2037.244	2037.2415	-2.728072	-2038.733	1485.954	0.66554004	42224.17591547966
en_ran_init_ant_1f_a2_200_25_400_mop_r0_a1_0	147	0.0	0.0	5000.0	4040.0	1469999	2053.9497	2053.9485	-2.770989	-2055.4182	1442.5024	0.66639686	42556.28508400917
en_ran_init_ant_1f_a2_200_25_400_mop_r0_a1_0	148	0.0	0.0	4416.6665	1154.0	1479999	2073.2861	2073.2874	-2.7128384	-2074.7583	1407.6096	0.6602174	42824.66353940964
en_ran_init_ant_1f_a2_200_25_400_mop_r0_a1_0	149	0.0	0.0	2625.5	1382.4	1489999	2092.775	2092.778	-2.7161443	-2094.126	1470.8402	0.660428	43097.80485677719
en_ran_init_ant_1f_a2_200_25_400_mop_r0_a1_0	150	0.0	0.0	1279.4	1157.2	1499999	2114.57	2114.571	-2.6884234	-2115.8804	1477.0522	0.6601123	43366.763595342636
en_ran_init_ant_1f_a2_200_25_400_mop_r0_a1_0	151	0.0	0.0	3888.0	4040.0	1509999	2134.891	2134.8901	-2.7522426	-2136.3105	1351.0164	0.6649828	43700.403228759766
en_ran_init_ant_1f_a2_200_25_400_mop_r0_a1_0	152	0.0	0.0	5000.0	4040.0	1519999	2154.3496	2154.3496	-2.6022735	-2155.583	1460.6906	0.64988333	44023.28893518448
en_ran_init_ant_1f_a2_200_25_400_mop_r0_a1_0	153	0.0	0.0	2190.4	4040.0	1529999	2170.775	2170.775	-2.8413446	-2172.055	1382.6956	0.66773427	44355.874225616455
en_ran_init_ant_1f_a2_200_25_400_mop_r0_a1_0	154	0.0	0.0	2795.0	200.2	1539999	2185.7346	2185.732	-2.9395719	-2187.0344	1409.8975	0.67412776	44607.51420664787
en_ran_init_ant_1f_a2_200_25_400_mop_r0_a1_0	155	0.0	0.0	1638.0	2120.0	1549999	2201.5422	2201.542	-2.9023554	-2202.86	1318.0404	0.6734271	44898.81766605377
en_ran_init_ant_1f_a2_200_25_400_mop_r0_a1_0	156	0.0	0.0	4434.5	3120.0	1559999	2215.4048	2215.404	-2.8560462	-2216.57	1467.5891	0.6643469	45209.60516214371
en_ran_init_ant_1f_a2_200_25_400_mop_r0_a1_0	157	0.0	0.0	4332.6665	1160.0	1569999	2225.1716	2225.1724	-2.784348	-2226.2302	1372.5134	0.6588833	45480.2033700943
en_ran_init_ant_1f_a2_200_25_400_mop_r0_a1_0	158	0.0	0.0	2959.5	1160.0	1579999	2230.7185	2230.7192	-2.8895996	-2231.7776	1441.9229	0.6662826	45749.205892562866
en_ran_init_ant_1f_a2_200_25_400_mop_r0_a1_0	159	0.0	0.0	4750.0	159.0	1589999	2238.6228	2238.626	-2.9874122	-2239.735	1421.5549	0.67598	45998.014696121216
en_ran_init_ant_1f_a2_200_25_400_mop_r0_a1_0	160	0.0	0.0	5000.0	2120.0	1599999	2245.2317	2245.2292	-2.8335402	-2246.3496	1479.2463	0.66532815	46290.39419198036
en_ran_init_ant_1f_a2_200_25_400_mop_r0_a1_0	161	0.0	0.0	2676.6667	1160.0	1609999	2252.007	2252.0044	-2.950955	-2253.0728	1284.9446	0.6741045	46558.37335705757
en_ran_init_ant_1f_a2_200_25_400_mop_r0_a1_0	162	0.0	0.0	2648.0	200.0	1619999	2261.7605	2261.758	-2.9410703	-2262.9287	1368.7002	0.6703374	46811.941157341
en_ran_init_ant_1f_a2_200_25_400_mop_r0_a1_0	163	0.0	0.0	3367.6667	1185.0	1629999	2275.5505	2275.5513	-2.8615158	-2276.769	1340.1078	0.66462505	47090.44099903107
en_ran_init_ant_1f_a2_200_25_400_mop_r0_a1_0	164	0.0	0.0	2693.2	2120.0	1639999	2285.1123	2285.1113	-3.018148	-2286.337	1275.3744	0.67504466	47382.005318164825
en_ran_init_ant_1f_a2_200_25_400_mop_r0_a1_0	165	0.0	0.0	4374.0	4040.0	1649999	2295.3818	2295.381	-3.020575	-2296.6187	1403.8895	0.6788504	47714.63609337807
en_ran_init_ant_1f_a2_200_25_400_mop_r0_a1_0	166	0.0	0.0	1706.5	4040.0	1659999	2301.87	2301.8665	-2.8460674	-2303.0283	1408.7843	0.6651931	48044.69112801552
en_ran_init_ant_1f_a2_200_25_400_mop_r0_a1_0	167	0.0	0.0	1543.2	1160.0	1669999	2308.692	2308.6924	-2.9186254	-2309.8652	1488.0004	0.66186833	48321.510533332825
en_ran_init_ant_1f_a2_200_25_400_mop_r0_a1_0	168	0.0	0.0	3396.0	200.0	1679999	2317.0044	2317.0044	-2.8376875	-2318.1873	1324.9005	0.66587794	48574.48238515854
en_ran_init_ant_1f_a2_200_25_400_mop_r0_a1_0	169	0.0	0.0	5000.0	2120.0	1689999	2323.376	2323.3728	-2.8406103	-2324.5847	1352.3798	0.6667949	48863.83540511131
en_ran_init_ant_1f_a2_200_25_400_mop_r0_a1_0	170	0.0	0.0	2613.5	2120.0	1699999	2325.744	2325.745	-2.8277037	-2327.0051	1426.6956	0.6622175	49157.342808008194
en_ran_init_ant_1f_a2_200_25_400_mop_r0_a1_0	171	0.0	0.0	2554.5	5000.0	1709999	2327.7178	2327.7183	-2.8758583	-2328.861	1337.2935	0.66935265	49511.63898587227
en_ran_init_ant_1f_a2_200_25_400_mop_r0_a1_0	172	0.0	0.0	1942.8334	2120.0	1719999	2331.9033	2331.9014	-2.867293	-2333.09	1278.4854	0.6696995	49803.23174953461
en_ran_init_ant_1f_a2_200_25_400_mop_r0_a1_0	173	0.0	0.0	3061.6667	3080.0	1729999	2337.4128	2337.414	-2.8174648	-2338.598	1367.6516	0.6659757	50115.226023197174
en_ran_init_ant_1f_a2_200_25_400_mop_r0_a1_0	174	0.0	0.0	2426.2	2125.0	1739999	2340.1223	2340.12	-2.9797873	-2341.2705	1357.243	0.6749949	50405.82146167755
en_ran_init_ant_1f_a2_200_25_400_mop_r0_a1_0	175	0.0	0.0	2227.75	4040.0	1749999	2344.6172	2344.617	-2.858972	-2345.774	1391.2916	0.6679577	50736.26369333267
en_ran_init_ant_1f_a2_200_25_400_mop_r0_a1_0	176	0.0	0.0	3273.0	2114.0	1759999	2350.2422	2350.2415	-2.9260733	-2351.471	1406.0673	0.6682864	51020.250175237656
en_ran_init_ant_1f_a2_200_25_400_mop_r0_a1_0	177	0.0	0.0	1992.0	3080.0	1769999	2357.9011	2357.9014	-2.9908118	-2359.0647	1576.7762	0.67325234	51323.2659599781
en_ran_init_ant_1f_a2_200_25_400_mop_r0_a1_0	178	0.0	0.0	2422.4	240.0	1779999	2355.2915	2355.293	-2.803018	-2356.426	1482.4122	0.66209275	51566.35473394394
en_ran_init_ant_1f_a2_200_25_400_mop_r0_a1_0	179	0.0	0.0	2855.75	5000.0	1789999	2355.4487	2355.4504	-2.8540034	-2356.6667	1472.5125	0.66004395	51907.29215478897
en_ran_init_ant_1f_a2_200_25_400_mop_r0_a1_0	180	0.0	0.0	2647.5	4040.0	1799999	2360.0671	2360.065	-2.8890452	-2361.264	1341.6813	0.6689792	52228.48768854141
en_ran_init_ant_1f_a2_200_25_400_mop_r0_a1_0	181	0.0	0.0	3344.6667	2181.0	1809999	2357.1528	2357.1506	-3.0378177	-2358.3125	1311.3903	0.67365134	52512.593173742294
en_ran_init_ant_1f_a2_200_25_400_mop_r0_a1_0	182	0.0	0.0	4452.6665	4040.0	1819999	2360.0547	2360.057	-3.1282198	-2361.3987	1251.3406	0.67801785	52836.392278432846
en_ran_init_ant_1f_a2_200_25_400_mop_r0_a1_0	183	0.0	0.0	3981.5	2120.0	1829999	2363.5078	2363.5088	-3.0430746	-2364.7722	1459.1552	0.66469944	53129.47549724579
en_ran_init_ant_1f_a2_200_25_400_mop_r0_a1_0	184	0.0	0.0	1760.6666	5000.0	1839999	2366.0364	2366.036	-2.9688377	-2367.2776	1340.5258	0.6651313	53478.24943828583
en_ran_init_ant_1f_a2_200_25_400_mop_r0_a1_0	185	0.0	0.0	4355.0	200.0	1849999	2366.0034	2366.003	-3.1114151	-2367.3633	1253.8647	0.67800397	53728.425646066666
en_ran_init_ant_1f_a2_200_25_400_mop_r0_a1_0	186	0.0	0.0	1790.3334	5000.0	1859999	2364.951	2364.9548	-3.059489	-2366.2666	1354.1794	0.67420965	54077.284480810165
en_ran_init_ant_1f_a2_200_25_400_mop_r0_a1_0	187	0.0	0.0	3103.25	4040.0	1869999	2362.4824	2362.48	-2.9482715	-2363.6318	1344.9213	0.6668041	54409.44645810127
en_ran_init_ant_1f_a2_200_25_400_mop_r0_a1_0	188	0.0	0.0	4447.5	1260.6	1879999	2356.277	2356.276	-2.848763	-2357.4167	1494.8186	0.66392374	54679.8945953846
en_ran_init_ant_1f_a2_200_25_400_mop_r0_a1_0	189	0.0	0.0	4541.5	4040.0	1889999	2351.921	2351.9214	-2.9127755	-2353.0913	1472.7948	0.6614842	55011.93612194061
en_ran_init_ant_1f_a2_200_25_400_mop_r0_a1_0	190	0.0	0.0	3479.3333	4040.0	1899999	2348.281	2348.2832	-2.9347064	-2349.4922	1265.384	0.66675425	55338.83972907066
en_ran_init_ant_1f_a2_200_25_400_mop_r0_a1_0	191	0.0	0.0	3921.0	2120.0	1909999	2346.346	2346.3484	-2.8957047	-2347.5583	1212.6547	0.6714225	55626.8815805912
en_ran_init_ant_1f_a2_200_25_400_mop_r0_a1_0	192	0.0	0.0	5000.0	200.0	1919999	2345.2751	2345.2751	-2.8551314	-2346.502	1276.7335	0.66578996	55877.46130490303
en_ran_init_ant_1f_a2_200_25_400_mop_r0_a1_0	193	0.0	0.0	1530.0	3080.0	1929999	2341.0679	2341.0706	-2.8904555	-2342.3567	1294.0061	0.6662699	56188.2589468956
en_ran_init_ant_1f_a2_200_25_400_mop_r0_a1_0	194	0.0	0.0	1938.75	3080.0	1939999	2337.8743	2337.8743	-2.942481	-2339.1409	1267.488	0.66923106	56502.76617479324
en_ran_init_ant_1f_a2_200_25_400_mop_r0_a1_0	195	0.0	0.0	3818.0	1160.0	1949999	2339.7698	2339.7688	-2.8948572	-2341.0645	1352.8505	0.67355025	56776.49210476875
en_ran_init_ant_1f_a2_200_25_400_mop_r0_a1_0	196	0.0	0.0	4720.6665	5000.0	1959999	2340.2393	2340.2402	-2.988482	-2341.4407	1326.601	0.67078936	57140.04930019379
en_ran_init_ant_1f_a2_200_25_400_mop_r0_a1_0	197	0.0	0.0	2144.6667	4065.0	1969999	2337.7742	2337.7722	-2.9789214	-2338.9067	1383.6104	0.657934	57474.63820195198
en_ran_init_ant_1f_a2_200_25_400_mop_r0_a1_0	198	0.0	0.0	2803.5	3080.0	1979999	2336.1257	2336.1233	-2.9181688	-2337.3943	1302.0789	0.66095257	57789.20713353157
en_ran_init_ant_1f_a2_200_25_400_mop_r0_a1_0	199	0.0	0.0	4021.6667	4040.0	1989999	2336.2615	2336.2576	-3.026369	-2337.4954	1285.7311	0.66728145	58123.684445142746
en_ran_init_ant_1f_a2_200_25_400_mop_r0_a1_0	200	0.0	0.0	1926.75	4040.0	1999999	2332.4282	2332.4304	-2.8808494	-2333.6616	1289.5428	0.6635687	58460.250577926636
en_ran_init_ant_1f_a2_200_25_400_mop_r0_a1_0	201	0.0	0.0	3447.6667	5000.0	2009999	2332.2612	2332.262	-2.8068366	-2333.3945	1491.0282	0.65331644	58810.02911233902
en_ran_init_ant_1f_a2_200_25_400_mop_r0_a1_0	202	0.0	0.0	5000.0	4040.0	2019999	2331.5632	2331.562	-2.7915063	-2332.726	1468.6971	0.6511087	59132.97162270546
en_ran_init_ant_1f_a2_200_25_400_mop_r0_a1_0	203	0.0	0.0	5000.0	2088.2	2029999	2327.5278	2327.5276	-2.746876	-2328.7075	1380.165	0.6523443	59413.161209344864
en_ran_init_ant_1f_a2_200_25_400_mop_r0_a1_0	204	0.0	0.0	5000.0	4023.8	2039999	2320.7	2320.7	-2.7942438	-2321.8948	1339.2708	0.6554659	59736.34255719185
en_ran_init_ant_1f_a2_200_25_400_mop_r0_a1_0	205	0.0	0.0	5000.0	5000.0	2049999	2317.8218	2317.8213	-2.7114902	-2319.0657	1349.4468	0.64718795	60072.9832880497
en_ran_init_ant_1f_a2_200_25_400_mop_r0_a1_0	206	0.0	0.0	5000.0	4040.0	2059999	2315.257	2315.2559	-2.8045466	-2316.441	1365.8542	0.65362376	60394.09259057045
en_ran_init_ant_1f_a2_200_25_400_mop_r0_a1_0	207	0.0	0.0	3136.5	3047.6	2069999	2309.7498	2309.745	-2.773417	-2311.0132	1295.3643	0.652805	60694.79480957985
en_ran_init_ant_1f_a2_200_25_400_mop_r0_a1_0	208	0.0	0.0	4134.0	4028.4	2079999	2308.5796	2308.5847	-2.8427925	-2309.857	1288.98	0.6592613	61017.683601379395
en_ran_init_ant_1f_a2_200_25_400_mop_r0_a1_0	209	0.0	0.0	5000.0	5000.0	2089999	2305.5962	2305.596	-2.834278	-2306.9507	1283.8381	0.65462255	61356.566635131836
en_ran_init_ant_1f_a2_200_25_400_mop_r0_a1_0	210	0.0	0.0	5000.0	5000.0	2099999	2305.5168	2305.5188	-2.7679873	-2306.8157	1293.5708	0.6520881	61696.4244427681
en_ran_init_ant_1f_a2_200_25_400_mop_r0_a1_0	211	0.0	0.0	3844.5	4040.0	2109999	2305.5684	2305.5674	-2.8721974	-2306.872	1245.9001	0.6583364	62019.143355846405
en_ran_init_ant_1f_a2_200_25_400_mop_r0_a1_0	212	0.0	0.0	5000.0	4040.0	2119999	2303.4385	2303.435	-2.8949313	-2304.709	1238.4672	0.6658402	62335.897555828094
en_ran_init_ant_1f_a2_200_25_400_mop_r0_a1_0	213	0.0	0.0	3911.6667	5000.0	2129999	2301.5596	2301.5618	-2.9313145	-2302.8608	1248.1582	0.6589948	62675.93571949005
en_ran_init_ant_1f_a2_200_25_400_mop_r0_a1_0	214	0.0	0.0	4167.6665	4040.0	2139999	2301.387	2301.3862	-3.0190678	-2302.6875	1174.315	0.6692887	62993.9894528389
en_ran_init_ant_1f_a2_200_25_400_mop_r0_a1_0	215	0.0	0.0	5000.0	5000.0	2149999	2301.4404	2301.442	-2.9489317	-2302.839	1363.3604	0.66253114	63332.42574906349
en_ran_init_ant_1f_a2_200_25_400_mop_r0_a1_0	216	0.0	0.0	1923.6666	3079.0	2159999	2304.5574	2304.5596	-2.9775085	-2305.9453	1221.5605	0.6638926	63633.83667087555
en_ran_init_ant_1f_a2_200_25_400_mop_r0_a1_0	217	0.0	0.0	3400.0	3080.0	2169999	2307.115	2307.119	-3.0255625	-2308.4111	1334.8353	0.672938	63941.35675024986
en_ran_init_ant_1f_a2_200_25_400_mop_r0_a1_0	218	0.0	0.0	3548.3333	2120.0	2179999	2307.726	2307.727	-2.981528	-2309.0916	1319.5072	0.6707311	64230.34361791611
en_ran_init_ant_1f_a2_200_25_400_mop_r0_a1_0	219	0.0	0.0	1750.1428	4040.0	2189999	2310.345	2310.349	-2.989396	-2311.6765	1392.17	0.6654528	64561.3819463253
en_ran_init_ant_1f_a2_200_25_400_mop_r0_a1_0	220	0.0	0.0	2811.25	3078.6	2199999	2307.978	2307.976	-3.0570807	-2309.2576	1377.5139	0.66972625	64875.15323805809
en_ran_init_ant_1f_a2_200_25_400_mop_r0_a1_0	221	0.0	0.0	1780.8	200.0	2209999	2305.1086	2305.1084	-3.0130424	-2306.3845	1392.0051	0.6711476	65123.83733296394
en_ran_init_ant_1f_a2_200_25_400_mop_r0_a1_0	222	0.0	0.0	3525.0	2120.0	2219999	2302.6487	2302.647	-3.0418189	-2303.9783	1402.2594	0.66694415	65415.8061542511
en_ran_init_ant_1f_a2_200_25_400_mop_r0_a1_0	223	0.0	0.0	3452.0	1185.0	2229999	2300.8572	2300.8577	-3.0726564	-2302.1345	1350.782	0.6694224	65691.02468204498
en_ran_init_ant_1f_a2_200_25_400_mop_r0_a1_0	224	0.0	0.0	1441.5714	2120.0	2239999	2299.1675	2299.1672	-2.8371618	-2300.4077	1518.1654	0.65683895	65984.2335896492
en_ran_init_ant_1f_a2_200_25_400_mop_r0_a1_0	225	0.0	0.0	5000.0	200.0	2249999	2293.3125	2293.309	-2.9716182	-2294.5503	1455.8926	0.65383714	66235.21752238274
en_ran_init_ant_1f_a2_200_25_400_mop_r0_a1_0	226	0.0	0.0	1675.4	2112.8	2259999	2292.7988	2292.8	-2.8982613	-2294.0825	1333.2068	0.65829563	66528.12350988388
en_ran_init_ant_1f_a2_200_25_400_mop_r0_a1_0	227	0.0	0.0	1800.5	4040.0	2269999	2292.7493	2292.748	-2.8330555	-2293.8818	1514.9333	0.6564698	66862.13734149933
en_ran_init_ant_1f_a2_200_25_400_mop_r0_a1_0	228	0.0	0.0	1949.6666	2120.0	2279999	2289.499	2289.496	-2.749268	-2290.767	1524.412	0.6541203	67154.57409334183
en_ran_init_ant_1f_a2_200_25_400_mop_r0_a1_0	229	0.0	0.0	1769.4	1160.0	2289999	2283.044	2283.045	-2.7688012	-2284.243	1646.6233	0.64902735	67426.47005701065
en_ran_init_ant_1f_a2_200_25_400_mop_r0_a1_0	230	0.0	0.0	1303.5	4040.0	2299999	2279.9873	2279.9927	-2.4212534	-2281.635	1958.8763	0.65162796	67751.1430747509
en_ran_init_ant_1f_a2_200_25_400_mop_r0_a1_0	231	0.0	0.0	750.6429	1387.8	2309999	2332.2605	2332.262	-1.1853862	-2335.5264	2921.4172	0.64002234	68022.93992829323
en_ran_init_ant_1f_a2_200_25_400_mop_r0_a1_0	232	0.0	0.0	367.64285	200.0	2319999	2396.1768	2396.1794	-0.985457	-2399.2776	2919.7231	0.608995	68270.95154070854
en_ran_init_ant_1f_a2_200_25_400_mop_r0_a1_0	233	0.0	0.0	679.7857	200.0	2329999	2428.3992	2428.3918	-1.5040743	-2429.984	2958.7068	0.6086255	68517.52077627182
en_ran_init_ant_1f_a2_200_25_400_mop_r0_a1_0	234	0.0	0.0	687.5833	200.0	2339999	2394.427	2394.42	-1.8535289	-2395.2368	2752.7734	0.6137483	68761.00172567368
en_ran_init_ant_1f_a2_200_25_400_mop_r0_a1_0	235	0.0	0.0	3540.3333	1160.0	2349999	2354.8296	2354.8271	-1.7803613	-2355.4768	2602.5156	0.6145843	69032.71636486053
en_ran_init_ant_1f_a2_200_25_400_mop_r0_a1_0	236	0.0	0.0	5000.0	4039.2	2359999	2319.968	2319.9692	-1.700098	-2320.8564	2506.1484	0.6077634	69360.9138185978
en_ran_init_ant_1f_a2_200_25_400_mop_r0_a1_0	237	0.0	0.0	2551.5	2160.0	2369999	2291.1238	2291.1257	-1.6694161	-2292.1282	2294.514	0.6113823	69651.38768005371
en_ran_init_ant_1f_a2_200_25_400_mop_r0_a1_0	238	0.0	0.0	2797.0	4040.0	2379999	2270.6494	2270.648	-1.8424228	-2271.7053	2091.185	0.6223043	69979.78015613556
en_ran_init_ant_1f_a2_200_25_400_mop_r0_a1_0	239	0.0	0.0	5000.0	3080.0	2389999	2252.5469	2252.5498	-2.057503	-2253.5725	1847.414	0.6277134	70290.43931555748
en_ran_init_ant_1f_a2_200_25_400_mop_r0_a1_0	240	0.0	0.0	5000.0	5000.0	2399999	2236.5806	2236.5789	-2.0136614	-2237.7295	1935.238	0.621509	70638.89322829247
en_ran_init_ant_1f_a2_200_25_400_mop_r0_a1_0	241	0.0	0.0	3201.3333	200.0	2409999	2222.4595	2222.456	-2.0493517	-2223.6064	1874.9775	0.6235999	70889.81940102577
en_ran_init_ant_1f_a2_200_25_400_mop_r0_a1_0	242	0.0	0.0	1970.75	5000.0	2419999	2211.469	2211.4658	-2.1657135	-2212.619	1919.6754	0.63073653	71237.89550495148
en_ran_init_ant_1f_a2_200_25_400_mop_r0_a1_0	243	0.0	0.0	5000.0	4003.6	2429999	2201.1594	2201.1548	-2.1642382	-2202.319	1959.9504	0.629859	71562.18460130692
en_ran_init_ant_1f_a2_200_25_400_mop_r0_a1_0	244	0.0	0.0	2869.3333	5000.0	2439999	2194.3787	2194.3748	-2.1961544	-2195.6145	2064.676	0.63575566	71910.04425668716
en_ran_init_ant_1f_a2_200_25_400_mop_r0_a1_0	245	0.0	0.0	5000.0	5000.0	2449999	2186.0488	2186.045	-2.1052144	-2187.1804	2399.1526	0.62883484	72258.57298231125
en_ran_init_ant_1f_a2_200_25_400_mop_r0_a1_0	246	0.0	0.0	3002.75	1203.2	2459999	2186.1301	2186.1262	-2.0333478	-2187.8665	2950.6353	0.63718367	72526.8568649292
en_ran_init_ant_1f_a2_200_25_400_mop_r0_a1_0	247	0.0	0.0	860.9286	2268.0	2469999	2236.774	2236.7747	-0.62738585	-2239.8586	3961.0476	0.612629	72819.32818460464
en_ran_init_ant_1f_a2_200_25_400_mop_r0_a1_0	248	0.0	0.0	1279.125	3080.0	2479999	2361.922	2361.932	0.30465096	-2365.8857	4575.941	0.5724864	73127.34742069244
en_ran_init_ant_1f_a2_200_25_400_mop_r0_a1_0	249	0.0	0.0	1002.2	2326.0	2489999	2582.7964	2582.7966	1.2920121	-2589.273	5896.6875	0.539275	73421.25630116463
en_ran_init_ant_1f_a2_200_25_400_mop_r0_a1_0	250	0.0	0.0	1625.6666	4040.0	2499999	2951.188	2951.182	2.4103885	-2960.236	7322.307	0.50399685	73748.092004776
en_ran_init_ant_1f_a2_200_25_400_mop_r0_a1_0	251	0.0	0.0	1592.6666	3053.4	2509999	3378.5608	3378.5662	2.9880714	-3388.631	8858.325	0.48093125	74058.67932295799
en_ran_init_ant_1f_a2_200_25_400_mop_r0_a1_0	252	0.0	0.0	3130.3333	5000.0	2519999	3769.3555	3769.3567	2.834158	-3777.2336	8805.722	0.476633	74415.11854743958
en_ran_init_ant_1f_a2_200_25_400_mop_r0_a1_0	253	0.0	0.0	2153.2	4007.8	2529999	3987.1238	3987.1262	2.1908882	-3992.2236	8075.7217	0.50181794	74744.05818152428
en_ran_init_ant_1f_a2_200_25_400_mop_r0_a1_0	254	0.0	0.0	2588.3333	200.0	2539999	4078.06	4078.0593	1.4024094	-4081.732	6779.1626	0.5331579	74994.76875305176
en_ran_init_ant_1f_a2_200_25_400_mop_r0_a1_0	255	0.0	0.0	3158.5	200.0	2549999	4090.1223	4090.1233	0.6492149	-4092.3896	5522.5566	0.5526042	75244.60904979706
en_ran_init_ant_1f_a2_200_25_400_mop_r0_a1_0	256	0.0	0.0	1896.4	200.0	2559999	4039.6897	4039.6958	0.1417922	-4041.2175	5361.8486	0.5676285	75494.77211594582
en_ran_init_ant_1f_a2_200_25_400_mop_r0_a1_0	257	0.0	0.0	1459.1428	200.0	2569999	3981.633	3981.6448	0.22829589	-3983.1887	5064.5786	0.57441396	75744.11368584633
en_ran_init_ant_1f_a2_200_25_400_mop_r0_a1_0	258	0.0	0.0	1695.0	1160.0	2579999	3921.1392	3921.154	0.08719586	-3922.6455	5231.392	0.5644803	76014.45371103287
en_ran_init_ant_1f_a2_200_25_400_mop_r0_a1_0	259	0.0	0.0	1755.1666	5000.0	2589999	3869.6406	3869.65	0.29308027	-3871.412	5138.6455	0.5578164	76321.85469603539
en_ran_init_ant_1f_a2_200_25_400_mop_r0_a1_0	260	0.0	0.0	5000.0	2148.6	2599999	3863.6277	3863.634	0.62455434	-3866.188	5388.144	0.5419817	76575.24638104439
en_ran_init_ant_1f_a2_200_25_400_mop_r0_a1_0	261	0.0	0.0	3559.6667	3080.0	2609999	3880.8408	3880.8445	0.94226223	-3883.3997	5599.738	0.5274442	76854.3899345398
en_ran_init_ant_1f_a2_200_25_400_mop_r0_a1_0	262	0.0	0.0	5000.0	3155.2	2619999	3876.7922	3876.7922	0.7145564	-3878.626	5190.3354	0.53086793	77132.5465028286
en_ran_init_ant_1f_a2_200_25_400_mop_r0_a1_0	263	0.0	0.0	3400.0	4030.4	2629999	3844.3735	3844.3774	0.49584687	-3845.912	4943.1035	0.5467352	77429.83893680573
en_ran_init_ant_1f_a2_200_25_400_mop_r0_a1_0	264	0.0	0.0	3633.5	3299.6	2639999	3802.3474	3802.35	0.53862506	-3803.8416	4894.9287	0.54998845	77707.75183105469
en_ran_init_ant_1f_a2_200_25_400_mop_r0_a1_0	265	0.0	0.0	3058.6667	5000.0	2649999	3772.347	3772.3489	0.8516363	-3774.208	5027.8413	0.5432024	78022.71765422821
en_ran_init_ant_1f_a2_200_25_400_mop_r0_a1_0	266	0.0	0.0	5000.0	4023.4	2659999	3765.4297	3765.4282	0.962245	-3767.5815	4797.6367	0.5282393	78315.91806983948
en_ran_init_ant_1f_a2_200_25_400_mop_r0_a1_0	267	0.0	0.0	4336.6665	3083.4	2669999	3748.3972	3748.3977	0.7482699	-3750.0164	4564.1206	0.53333133	78563.34640574455
en_ran_init_ant_1f_a2_200_25_400_mop_r0_a1_0	268	0.0	0.0	2076.4	200.0	2679999	3707.9976	3707.9976	0.6310815	-3709.3303	4354.233	0.53836256	78761.29160022736
en_ran_init_ant_1f_a2_200_25_400_mop_r0_a1_0	269	0.0	0.0	3510.5	5000.0	2689999	3634.8892	3634.886	0.29066128	-3635.7163	4113.0103	0.55002165	79023.23785662651
en_ran_init_ant_1f_a2_200_25_400_mop_r0_a1_0	270	0.0	0.0	4385.0	3080.0	2699999	3553.6992	3553.7056	0.1391099	-3554.1697	3972.1936	0.5468133	79264.2749004364
en_ran_init_ant_1f_a2_200_25_400_mop_r0_a1_0	271	0.0	0.0	3395.6667	200.0	2709999	3450.5552	3450.5522	-0.10608434	-3450.6448	3453.8665	0.5577318	79425.43738245964
en_ran_init_ant_1f_a2_200_25_400_mop_r0_a1_0	272	0.0	0.0	4326.5	3080.0	2719999	3345.7378	3345.7437	-0.28312454	-3345.797	3031.3757	0.57198167	79608.86605620384
en_ran_init_ant_1f_a2_200_25_400_mop_r0_a1_0	273	0.0	0.0	2919.75	4040.0	2729999	3222.2178	3222.2207	-0.59122556	-3221.9087	2746.8015	0.5821307	79778.6660516262
en_ran_init_ant_1f_a2_200_25_400_mop_r0_a1_0	274	0.0	0.0	3692.5	4050.0	2739999	3093.2053	3093.2046	-0.66344523	-3093.1553	2676.5757	0.57776254	79945.88096547127
en_ran_init_ant_1f_a2_200_25_400_mop_r0_a1_0	275	0.0	0.0	5000.0	5000.0	2749999	2978.3782	2978.379	-0.71382976	-2978.166	2608.17	0.58952415	80123.96397161484
en_ran_init_ant_1f_a2_200_25_400_mop_r0_a1_0	276	0.0	0.0	2377.8	3080.0	2759999	2863.1477	2863.1462	-0.76345086	-2862.9497	2359.2412	0.58096194	80282.05157136917
en_ran_init_ant_1f_a2_200_25_400_mop_r0_a1_0	277	0.0	0.0	2553.0	200.0	2769999	2749.2852	2749.2869	-0.8089479	-2749.1975	2379.4307	0.58009106	80410.70748090744
en_ran_init_ant_1f_a2_200_25_400_mop_r0_a1_0	278	0.0	0.0	3200.6667	5000.0	2779999	2642.0205	2642.019	-1.0457097	-2641.89	2121.252	0.5906368	80587.49425506592
en_ran_init_ant_1f_a2_200_25_400_mop_r0_a1_0	279	0.0	0.0	2086.0	2120.0	2789999	2538.0796	2538.0803	-0.97575134	-2538.1702	2260.1963	0.5750272	80736.19535279274
en_ran_init_ant_1f_a2_200_25_400_mop_r0_a1_0	280	0.0	0.0	3500.5	4040.0	2799999	2446.1426	2446.144	-0.853075	-2446.1775	2167.8777	0.5691082	80898.80382847786
en_ran_init_ant_1f_a2_200_25_400_mop_r0_a1_0	281	0.0	0.0	2649.4	3080.0	2809999	2356.232	2356.2334	-0.9765699	-2356.5095	2146.6494	0.5812287	81026.5067987442
en_ran_init_ant_1f_a2_200_25_400_mop_r0_a1_0	282	0.0	0.0	3647.0	3080.0	2819999	2276.6968	2276.6992	-1.0263898	-2276.8584	2138.5903	0.58524024	81155.98747062683
en_ran_init_ant_1f_a2_200_25_400_mop_r0_a1_0	283	0.0	0.0	5000.0	4038.0	2829999	2195.811	2195.8154	-1.1320801	-2196.187	1971.3029	0.58230066	81290.66913819313
en_ran_init_ant_1f_a2_200_25_400_mop_r0_a1_0	284	0.0	0.0	4224.6665	4040.0	2839999	2128.2903	2128.2935	-1.1453217	-2128.6465	1949.2812	0.5804174	81425.09908986092
en_ran_init_ant_1f_a2_200_25_400_mop_r0_a1_0	285	0.0	0.0	5000.0	4023.6	2849999	2060.355	2060.3594	-1.1851189	-2060.959	1855.8794	0.59101504	81560.38715004921
en_ran_init_ant_1f_a2_200_25_400_mop_r0_a1_0	286	0.0	0.0	5000.0	4040.0	2859999	2006.421	2006.4244	-1.2170744	-2006.9362	1792.2751	0.5806837	81695.82721996307
en_ran_init_ant_1f_a2_200_25_400_mop_r0_a1_0	287	0.0	0.0	3358.3333	4075.0	2869999	1956.8838	1956.8889	-1.3106239	-1958.1084	1633.717	0.582577	81832.22587871552
en_ran_init_ant_1f_a2_200_25_400_mop_r0_a1_0	288	0.0	0.0	3369.6667	3126.0	2879999	1929.9414	1929.94	-1.256448	-1931.3531	1551.8073	0.5910077	81961.240016222
en_ran_init_ant_1f_a2_200_25_400_mop_r0_a1_0	289	0.0	0.0	3167.3333	4040.0	2889999	1911.0122	1911.0188	-1.4542356	-1912.236	1432.3966	0.6027128	82095.88069748878
en_ran_init_ant_1f_a2_200_25_400_mop_r0_a1_0	290	0.0	0.0	1975.6	5000.0	2899999	1888.4014	1888.4023	-1.4867371	-1889.5511	1537.3715	0.5984396	82227.20147323608
en_ran_init_ant_1f_a2_200_25_400_mop_r0_a1_0	291	0.0	0.0	5000.0	5000.0	2909999	1867.3005	1867.3035	-1.53275	-1868.4396	1506.9236	0.60038173	82340.62633109093
en_ran_init_ant_1f_a2_200_25_400_mop_r0_a1_0	292	0.0	0.0	3451.6667	4032.6	2919999	1840.0901	1840.0927	-1.55615	-1841.0128	1444.6569	0.6093608	82447.4457321167
en_ran_init_ant_1f_a2_200_25_400_mop_r0_a1_0	293	0.0	0.0	3077.6667	4040.0	2929999	1822.58	1822.583	-1.7656353	-1823.8278	1490.8022	0.60731024	82539.68457221985
en_ran_init_ant_1f_a2_200_25_400_mop_r0_a1_0	294	0.0	0.0	2049.0	4029.8	2939999	1811.7242	1811.7235	-1.5946729	-1812.9324	1419.8188	0.60393447	82620.74730372429
en_ran_init_ant_1f_a2_200_25_400_mop_r0_a1_0	295	0.0	0.0	3271.0	1160.0	2949999	1790.8162	1790.8196	-1.7804053	-1791.8124	1506.5569	0.607005	82691.83355116844
en_ran_init_ant_1f_a2_200_25_400_mop_r0_a1_0	296	0.0	0.0	5000.0	1160.0	2959999	1785.1033	1785.107	-1.7306755	-1786.2328	1430.1917	0.603988	82763.34522128105
en_ran_init_ant_1f_a2_200_25_400_mop_r0_a1_0	297	0.0	0.0	2655.25	3080.0	2969999	1767.8716	1767.8713	-1.8007033	-1768.7588	1332.2147	0.61317575	82841.36658668518
en_ran_init_ant_1f_a2_200_25_400_mop_r0_a1_0	298	0.0	0.0	2295.8	4040.0	2979999	1746.4917	1746.4927	-1.9962807	-1747.5583	1217.2336	0.62551856	82921.44373703003
en_ran_init_ant_1f_a2_200_25_400_mop_r0_a1_0	299	0.0	0.0	3121.0	3056.8	2989999	1741.5409	1741.5399	-1.90231	-1742.7114	1488.6489	0.6157084	82999.30788993835
en_ran_init_ant_1f_a2_200_25_400_mop_r0_a1_0	300	0.0	0.0	4129.0	2120.0	2999999	1739.2354	1739.2325	-1.9547609	-1740.4382	1515.4565	0.61180985	83073.6983115673
