100000.0
100000.0
100000.0
100000.0
100000.0
100000.0
100000.0
100000.0
100000.0
100000.0
100000.0
100000.0
100000.0
100000.0
100000.0
71029.0
100000.0
100000.0
100000.0
100000.0
100000.0
100000.0
100000.0
100000.0
100000.0
100000.0
100000.0
100000.0
64799.0
100000.0
100000.0
100000.0
100000.0
100000.0
100000.0
100000.0
100000.0
100000.0
100000.0
100000.0
100000.0
100000.0
100000.0
100000.0
100000.0
100000.0
100000.0
100000.0
100000.0
100000.0
100000.0
100000.0
100000.0
100000.0
100000.0
100000.0
100000.0
100000.0
100000.0
100000.0
100000.0
100000.0
100000.0
100000.0
100000.0
100000.0
99004.0
100000.0
100000.0
100000.0
100000.0
100000.0
100000.0
100000.0
100000.0
100000.0
100000.0
100000.0
100000.0
100000.0
100000.0
100000.0
100000.0
100000.0
100000.0
100000.0
100000.0
97157.0
100000.0
100000.0
100000.0
100000.0
100000.0
100000.0
100000.0
100000.0
100000.0
94476.0
100000.0
100000.0
100000.0
100000.0
6631.0
100000.0
100000.0
100000.0
100000.0
100000.0
100000.0
100000.0
100000.0
100000.0
100000.0
100000.0
100000.0
100000.0
100000.0
100000.0
100000.0
100000.0
100000.0
100000.0
100000.0
100000.0
100000.0
100000.0
100000.0
100000.0
100000.0
100000.0
100000.0
100000.0
100000.0
100000.0
100000.0
100000.0
100000.0
18384.0
100000.0
100000.0
100000.0
49154.0
100000.0
100000.0
100000.0
100000.0
100000.0
100000.0
100000.0
100000.0
100000.0
100000.0
100000.0
100000.0
100000.0
100000.0
100000.0
100000.0
100000.0
100000.0
100000.0
100000.0
100000.0
100000.0
100000.0
100000.0
100000.0
100000.0
100000.0
100000.0
100000.0
100000.0
100000.0
100000.0
100000.0
100000.0
100000.0
100000.0
100000.0
100000.0
100000.0
100000.0
100000.0
100000.0
100000.0
100000.0
100000.0
47035.0
100000.0
100000.0
100000.0
100000.0
100000.0
100000.0
100000.0
100000.0
100000.0
100000.0
100000.0
100000.0
100000.0
100000.0
100000.0
100000.0
100000.0
100000.0
100000.0
100000.0
100000.0
100000.0
100000.0
100000.0
100000.0
100000.0
100000.0
100000.0
100000.0
100000.0
100000.0
74030.0
100000.0
100000.0
100000.0
100000.0
100000.0
100000.0
100000.0
100000.0
100000.0
100000.0
100000.0
100000.0
100000.0
100000.0
100000.0
100000.0
100000.0
100000.0
100000.0
100000.0
100000.0
100000.0
100000.0
100000.0
100000.0
100000.0
100000.0
100000.0
100000.0
100000.0
100000.0
100000.0
100000.0
100000.0
100000.0
100000.0
100000.0
100000.0
100000.0
100000.0
100000.0
31725.0
100000.0
100000.0
100000.0
100000.0
100000.0
100000.0
100000.0
100000.0
100000.0
100000.0
100000.0
100000.0
100000.0
100000.0
100000.0
100000.0
100000.0
100000.0
100000.0
100000.0
100000.0
100000.0
100000.0
100000.0
100000.0
100000.0
100000.0
100000.0
100000.0
100000.0
100000.0
100000.0
100000.0
100000.0
100000.0
100000.0
100000.0
100000.0
100000.0
100000.0
100000.0
100000.0
100000.0
100000.0
100000.0
100000.0
45193.0
100000.0
100000.0
100000.0
100000.0
100000.0
100000.0
100000.0
100000.0
100000.0
100000.0
100000.0
100000.0
100000.0
100000.0
100000.0
100000.0
100000.0
100000.0
100000.0
100000.0
100000.0
100000.0
100000.0
100000.0
100000.0
100000.0
100000.0
30150.0
100000.0
100000.0
100000.0
100000.0
100000.0
100000.0
100000.0
100000.0
100000.0
100000.0
100000.0
100000.0
100000.0
100000.0
100000.0
100000.0
100000.0
100000.0
100000.0
38069.0
100000.0
100000.0
100000.0
100000.0
20017.0
100000.0
100000.0
100000.0
100000.0
100000.0
100000.0
100000.0
100000.0
100000.0
100000.0
58130.0
100000.0
100000.0
100000.0
100000.0
100000.0
100000.0
100000.0
100000.0
100000.0
100000.0
100000.0
100000.0
100000.0
100000.0
100000.0
100000.0
100000.0
100000.0
100000.0
100000.0
100000.0
100000.0
3720.0
100000.0
100000.0
100000.0
100000.0
100000.0
100000.0
100000.0
100000.0
100000.0
100000.0
100000.0
100000.0
100000.0
100000.0
100000.0
100000.0
100000.0
100000.0
100000.0
100000.0
100000.0
100000.0
100000.0
100000.0
100000.0
100000.0
100000.0
100000.0
100000.0
100000.0
100000.0
100000.0
100000.0
100000.0
100000.0
68601.0
100000.0
100000.0
100000.0
100000.0
100000.0
100000.0
100000.0
100000.0
100000.0
100000.0
100000.0
100000.0
100000.0
100000.0
54905.0
100000.0
100000.0
100000.0
100000.0
100000.0
100000.0
100000.0
100000.0
100000.0
100000.0
100000.0
100000.0
100000.0
100000.0
100000.0
100000.0
100000.0
100000.0
100000.0
100000.0
100000.0
100000.0
100000.0
100000.0
100000.0
100000.0
100000.0
100000.0
100000.0
100000.0
34117.0
100000.0
100000.0
100000.0
100000.0
100000.0
100000.0
100000.0
100000.0
100000.0
100000.0
100000.0
100000.0
100000.0
35622.0
100000.0
100000.0
100000.0
100000.0
100000.0
100000.0
100000.0
100000.0
100000.0
29346.0
100000.0
100000.0
100000.0
100000.0
100000.0
100000.0
100000.0
100000.0
100000.0
100000.0
100000.0
100000.0
100000.0
100000.0
100000.0
38126.0
100000.0
100000.0
100000.0
100000.0
100000.0
100000.0
100000.0
100000.0
100000.0
100000.0
100000.0
100000.0
100000.0
100000.0
100000.0
100000.0
100000.0
100000.0
100000.0
73736.0
87749.0
100000.0
100000.0
100000.0
37818.0
100000.0
100000.0
100000.0
100000.0
100000.0
100000.0
100000.0
34445.0
100000.0
100000.0
100000.0
100000.0
100000.0
100000.0
100000.0
100000.0
100000.0
100000.0
100000.0
100000.0
100000.0
100000.0
100000.0
100000.0
100000.0
100000.0
100000.0
100000.0
100000.0
100000.0
100000.0
24377.0
100000.0
100000.0
100000.0
100000.0
100000.0
100000.0
100000.0
100000.0
100000.0
100000.0
100000.0
100000.0
100000.0
100000.0
100000.0
100000.0
100000.0
100000.0
100000.0
100000.0
100000.0
100000.0
100000.0
100000.0
100000.0
100000.0
100000.0
100000.0
100000.0
100000.0
100000.0
100000.0
100000.0
100000.0
100000.0
100000.0
100000.0
100000.0
100000.0
100000.0
100000.0
100000.0
100000.0
100000.0
100000.0
100000.0
100000.0
100000.0
100000.0
100000.0
100000.0
100000.0
100000.0
100000.0
100000.0
100000.0
65028.0
100000.0
100000.0
100000.0
100000.0
100000.0
65783.0
100000.0
100000.0
100000.0
84027.0
100000.0
100000.0
100000.0
100000.0
100000.0
100000.0
100000.0
100000.0
100000.0
100000.0
100000.0
100000.0
100000.0
100000.0
100000.0
100000.0
100000.0
100000.0
100000.0
100000.0
100000.0
100000.0
100000.0
100000.0
100000.0
100000.0
100000.0
100000.0
100000.0
100000.0
100000.0
100000.0
100000.0
100000.0
100000.0
100000.0
100000.0
100000.0
100000.0
100000.0
100000.0
100000.0
100000.0
100000.0
100000.0
100000.0
100000.0
100000.0
100000.0
100000.0
100000.0
100000.0
100000.0
100000.0
100000.0
100000.0
100000.0
100000.0
100000.0
100000.0
100000.0
100000.0
100000.0
100000.0
100000.0
100000.0
100000.0
100000.0
100000.0
100000.0
100000.0
100000.0
100000.0
100000.0
100000.0
100000.0
100000.0
100000.0
100000.0
100000.0
100000.0
100000.0
100000.0
100000.0
100000.0
100000.0
100000.0
100000.0
100000.0
100000.0
100000.0
100000.0
100000.0
100000.0
100000.0
100000.0
100000.0
100000.0
100000.0
100000.0
100000.0
100000.0
100000.0
100000.0
100000.0
100000.0
100000.0
100000.0
100000.0
100000.0
100000.0
100000.0
65525.0
100000.0
100000.0
100000.0
100000.0
100000.0
89372.0
100000.0
100000.0
100000.0
100000.0
99480.0
100000.0
100000.0
100000.0
100000.0
100000.0
100000.0
100000.0
100000.0
100000.0
100000.0
100000.0
100000.0
100000.0
100000.0
100000.0
100000.0
100000.0
100000.0
100000.0
100000.0
100000.0
100000.0
100000.0
100000.0
100000.0
100000.0
100000.0
100000.0
100000.0
100000.0
100000.0
100000.0
100000.0
100000.0
100000.0
100000.0
100000.0
46456.0
100000.0
100000.0
100000.0
100000.0
100000.0
100000.0
100000.0
100000.0
100000.0
100000.0
100000.0
100000.0
56141.0
100000.0
100000.0
100000.0
100000.0
100000.0
100000.0
100000.0
100000.0
98151.0
100000.0
100000.0
100000.0
78709.0
100000.0
100000.0
100000.0
100000.0
100000.0
100000.0
43660.0
100000.0
100000.0
100000.0
100000.0
85751.0
100000.0
100000.0
100000.0
100000.0
100000.0
100000.0
100000.0
100000.0
100000.0
100000.0
100000.0
100000.0
100000.0
100000.0
100000.0
100000.0
100000.0
100000.0
97852.0
100000.0
100000.0
100000.0
38267.0
100000.0
100000.0
100000.0
100000.0
100000.0
100000.0
100000.0
100000.0
100000.0
100000.0
100000.0
100000.0
100000.0
100000.0
100000.0
100000.0
100000.0
100000.0
100000.0
4442.0
100000.0
100000.0
100000.0
100000.0
58379.0
100000.0
100000.0
100000.0
100000.0
100000.0
100000.0
100000.0
100000.0
100000.0
100000.0
100000.0
100000.0
100000.0
100000.0
100000.0
100000.0
100000.0
68438.0
100000.0
100000.0
100000.0
100000.0
100000.0
100000.0
100000.0
100000.0
47160.0
100000.0
100000.0
100000.0
100000.0
100000.0
100000.0
100000.0
100000.0
88119.0
100000.0
100000.0
100000.0
77808.0
100000.0
100000.0
100000.0
100000.0
100000.0
100000.0
100000.0
69735.0
56573.0
100000.0
100000.0
100000.0
100000.0
100000.0
100000.0
100000.0
100000.0
26781.0
100000.0
100000.0
100000.0
100000.0
100000.0
100000.0
100000.0
100000.0
100000.0
100000.0
100000.0
100000.0
100000.0
100000.0
100000.0
100000.0
100000.0
100000.0
100000.0
100000.0
100000.0
100000.0
100000.0
100000.0
100000.0
100000.0
90820.0
100000.0
100000.0
100000.0
100000.0
100000.0
100000.0
100000.0
100000.0
100000.0
100000.0
100000.0
100000.0
100000.0
100000.0
100000.0
100000.0
100000.0
100000.0
100000.0
100000.0
100000.0
100000.0
100000.0
100000.0
100000.0
