4.276666119017
4.330733340285
4.465908118656
4.465908118656
4.465908118656
4.465908118656
4.465908118656
4.465908118656
4.465908118656
4.465908118656
4.465908118656
4.465908118656
4.465908118656
4.465908118656
4.465908118656
4.465908118656
4.465908118656
4.465908118656
4.465908118656
4.465908118656
4.465908118656
4.465908118656
4.465908118656
4.343805421854
4.465908118656
4.465908118656
4.465908118656
4.465908118656
4.465908118656
4.465908118656
4.465908118656
4.465908118656
4.465908118656
4.343805421854
4.465908118656
4.465908118656
4.465908118656
4.465908118656
4.465908118656
4.465908118656
4.465908118656
4.465908118656
4.465908118656
4.343805421854
4.465908118656
4.465908118656
4.465908118656
4.465908118656
4.465908118656
4.465908118656
4.465908118656
4.465908118656
4.465908118656
4.343805421854
4.465908118656
4.465908118656
4.465908118656
4.465908118656
4.465908118656
4.465908118656
4.465908118656
4.465908118656
4.465908118656
4.343805421854
4.465908118656
4.465908118656
4.465908118656
4.465908118656
4.465908118656
4.465908118656
4.465908118656
4.465908118656
4.465908118656
4.343805421854
4.465908118656
4.465908118656
4.465908118656
4.465908118656
4.465908118656
4.465908118656
4.465908118656
4.465908118656
4.465908118656
4.343805421854
4.465908118656
4.465908118656
4.465908118656
4.465908118656
4.465908118656
4.465908118656
4.465908118656
4.465908118656
4.465908118656
4.343805421854
4.465908118656
4.465908118656
4.465908118656
4.465908118656
4.465908118656
4.465908118656
