4.290459441149
4.290459441149
4.290459441149
4.290459441149
4.290459441149
4.290459441149
4.290459441149
4.290459441149
4.290459441149
4.290459441149
4.290459441149
4.290459441149
4.290459441149
4.290459441149
4.290459441149
4.290459441149
4.290459441149
4.290459441149
4.290459441149
4.290459441149
4.290459441149
4.290459441149
4.290459441149
4.290459441149
4.290459441149
4.290459441149
4.290459441149
4.290459441149
4.290459441149
4.290459441149
4.290459441149
4.290459441149
4.290459441149
4.290459441149
4.290459441149
4.290459441149
4.290459441149
4.290459441149
4.290459441149
4.290459441149
4.290459441149
4.290459441149
4.290459441149
1.609437912435
2.639057329618
3.40119738166
4.007333185228
4.394449154673
4.465908118656
4.465908118656
4.465908118656
4.465908118656
4.465908118656
4.394449154673
4.465908118656
4.465908118656
4.465908118656
4.465908118656
4.465908118656
4.465908118656
4.465908118656
4.465908118656
4.465908118656
4.394449154673
4.465908118656
4.465908118656
4.465908118656
4.465908118656
4.465908118656
4.465908118656
4.465908118656
4.465908118656
4.465908118656
4.394449154673
4.465908118656
4.465908118656
4.465908118656
4.465908118656
4.465908118656
4.465908118656
4.465908118656
4.465908118656
4.465908118656
4.394449154673
4.465908118656
4.465908118656
4.465908118656
4.465908118656
4.465908118656
4.465908118656
4.465908118656
4.465908118656
4.465908118656
4.394449154673
4.465908118656
4.465908118656
4.465908118656
4.465908118656
4.465908118656
4.465908118656
4.465908118656
4.465908118656
4.465908118656
4.394449154673
4.465908118656
4.465908118656
4.465908118656
4.465908118656
4.465908118656
4.465908118656
4.465908118656
4.465908118656
4.465908118656
4.394449154673
4.465908118656
4.465908118656
4.465908118656
4.465908118656
4.465908118656
4.465908118656
4.465908118656
4.465908118656
4.465908118656
4.394449154673
4.465908118656
4.465908118656
4.465908118656
4.465908118656
4.465908118656
4.465908118656
4.465908118656
4.465908118656
4.465908118656
4.394449154673
4.465908118656
4.465908118656
4.465908118656
4.465908118656
4.465908118656
4.465908118656
4.465908118656
4.465908118656
4.465908118656
4.394449154673
4.465908118656
4.465908118656
4.465908118656
4.465908118656
4.465908118656
4.465908118656
4.465908118656
4.465908118656
4.465908118656
4.394449154673
4.465908118656
4.465908118656
4.465908118656
4.465908118656
4.465908118656
4.465908118656
4.465908118656
4.465908118656
4.465908118656
4.394449154673
4.465908118656
4.465908118656
4.465908118656
4.465908118656
4.465908118656
4.465908118656
4.465908118656
4.465908118656
4.465908118656
4.394449154673
4.465908118656
4.465908118656
4.465908118656
4.465908118656
4.465908118656
4.465908118656
4.465908118656
4.465908118656
4.465908118656
4.394449154673
4.465908118656
4.465908118656
4.465908118656
4.465908118656
4.465908118656
4.465908118656
4.465908118656
4.465908118656
4.465908118656
4.394449154673
4.465908118656
4.465908118656
4.465908118656
4.465908118656
4.465908118656
4.465908118656
