4.234106504597
4.234106504597
4.234106504597
4.234106504597
4.234106504597
4.234106504597
4.234106504597
4.234106504597
4.234106504597
4.234106504597
4.234106504597
4.234106504597
4.234106504597
4.234106504597
4.234106504597
4.234106504597
4.234106504597
4.234106504597
4.234106504597
4.234106504597
4.234106504597
4.234106504597
4.234106504597
1.386294361121
2.639057329618
3.40119738166
4.007333185228
4.343805421854
4.465908118656
4.465908118656
4.465908118656
4.465908118656
4.465908118656
4.343805421854
4.465908118656
4.465908118656
4.465908118656
4.465908118656
4.465908118656
4.465908118656
4.465908118656
4.465908118656
4.465908118656
4.343805421854
4.465908118656
4.465908118656
4.465908118656
4.465908118656
4.465908118656
4.465908118656
4.465908118656
4.465908118656
4.465908118656
4.343805421854
4.465908118656
4.465908118656
4.465908118656
4.465908118656
4.465908118656
4.465908118656
4.465908118656
4.465908118656
4.465908118656
4.343805421854
4.465908118656
4.465908118656
4.465908118656
4.465908118656
4.465908118656
4.465908118656
4.465908118656
4.465908118656
4.465908118656
4.343805421854
4.465908118656
4.465908118656
4.465908118656
4.465908118656
4.465908118656
4.465908118656
4.465908118656
4.465908118656
4.465908118656
4.343805421854
4.465908118656
4.465908118656
4.465908118656
4.465908118656
4.465908118656
4.465908118656
4.465908118656
4.465908118656
4.465908118656
4.343805421854
4.465908118656
4.465908118656
4.465908118656
4.465908118656
4.465908118656
4.465908118656
4.465908118656
4.465908118656
4.465908118656
4.343805421854
4.465908118656
4.465908118656
4.465908118656
4.465908118656
4.465908118656
4.465908118656
4.465908118656
4.465908118656
4.465908118656
4.343805421854
4.465908118656
4.465908118656
4.465908118656
4.465908118656
4.465908118656
4.465908118656
4.465908118656
4.465908118656
4.465908118656
4.343805421854
4.465908118656
4.465908118656
4.465908118656
4.465908118656
4.465908118656
4.465908118656
4.465908118656
4.465908118656
4.465908118656
4.343805421854
4.465908118656
4.465908118656
4.465908118656
4.465908118656
4.465908118656
4.465908118656
4.465908118656
4.465908118656
4.465908118656
4.343805421854
4.465908118656
4.465908118656
4.465908118656
4.465908118656
4.465908118656
4.465908118656
4.465908118656
4.465908118656
4.465908118656
4.343805421854
4.465908118656
4.465908118656
4.465908118656
4.465908118656
4.465908118656
4.465908118656
4.465908118656
4.465908118656
4.465908118656
4.343805421854
4.465908118656
4.465908118656
4.465908118656
4.465908118656
4.465908118656
4.465908118656
4.465908118656
4.465908118656
4.465908118656
4.343805421854
4.465908118656
4.465908118656
4.465908118656
4.465908118656
4.465908118656
4.465908118656
4.465908118656
4.465908118656
4.465908118656
4.343805421854
4.465908118656
4.465908118656
4.465908118656
4.465908118656
4.465908118656
4.465908118656
4.465908118656
4.465908118656
4.465908118656
4.343805421854
4.465908118656
4.465908118656
4.465908118656
4.465908118656
4.465908118656
4.465908118656
