4.094344562222
4.094344562222
4.094344562222
4.094344562222
4.094344562222
4.094344562222
4.094344562222
4.094344562222
4.094344562222
4.094344562222
4.094344562222
4.094344562222
4.094344562222
4.094344562222
4.094344562222
4.094344562222
4.094344562222
4.094344562222
4.094344562222
4.094344562222
4.094344562222
4.094344562222
4.094344562222
3.135494215929
3.135494215929
2.890371757895
3.737669618286
4.025351690735
4.343805421853
4.343805421853
4.343805421853
4.343805421853
4.343805421853
4.025351690735
4.343805421853
4.343805421853
4.343805421853
4.343805421853
4.343805421853
4.343805421853
4.343805421853
4.343805421853
4.343805421853
4.025351690735
4.343805421853
4.343805421853
4.343805421853
4.343805421853
4.343805421853
4.343805421853
4.343805421853
4.343805421853
4.343805421853
4.025351690735
4.343805421853
4.343805421853
4.343805421853
4.343805421853
4.343805421853
4.343805421853
4.343805421853
4.343805421853
4.343805421853
4.025351690735
4.343805421853
4.343805421853
4.343805421853
4.343805421853
4.343805421853
4.343805421853
4.343805421853
4.343805421853
4.343805421853
4.025351690735
4.343805421853
4.343805421853
4.343805421853
4.343805421853
4.343805421853
4.343805421853
4.343805421853
4.343805421853
4.343805421853
4.025351690735
4.343805421853
4.343805421853
4.343805421853
4.343805421853
4.343805421853
4.343805421853
4.343805421853
4.343805421853
4.343805421853
4.025351690735
4.343805421853
4.343805421853
4.343805421853
4.343805421853
4.343805421853
4.343805421853
