4.26267987704
4.343805421853
4.343805421853
4.343805421853
4.343805421853
4.343805421853
4.343805421853
4.343805421853
4.343805421853
4.343805421853
4.343805421853
4.343805421853
4.343805421853
4.343805421853
4.343805421853
4.343805421853
4.343805421853
4.343805421853
4.343805421853
4.343805421853
4.343805421853
4.343805421853
4.343805421853
4.189654742026
4.343805421853
4.343805421853
4.343805421853
4.343805421853
4.343805421853
4.343805421853
4.343805421853
4.343805421853
4.343805421853
4.189654742026
4.343805421853
4.343805421853
4.343805421853
4.343805421853
4.343805421853
4.343805421853
4.343805421853
4.343805421853
4.343805421853
4.189654742026
4.343805421853
4.343805421853
4.343805421853
4.343805421853
4.343805421853
4.343805421853
4.343805421853
4.343805421853
4.343805421853
4.189654742026
4.343805421853
4.343805421853
4.343805421853
4.343805421853
4.343805421853
4.343805421853
4.343805421853
4.343805421853
4.343805421853
4.189654742026
4.343805421853
4.343805421853
4.343805421853
4.343805421853
4.343805421853
4.343805421853
4.343805421853
4.343805421853
4.343805421853
4.189654742026
4.343805421853
4.343805421853
4.343805421853
4.343805421853
4.343805421853
4.343805421853
4.343805421853
4.343805421853
4.343805421853
4.189654742026
4.343805421853
4.343805421853
4.343805421853
4.343805421853
4.343805421853
4.343805421853
4.343805421853
4.343805421853
4.343805421853
4.189654742026
4.343805421853
4.343805421853
4.343805421853
4.343805421853
4.343805421853
4.343805421853
