Experiment Name	Epoch	EpRet	TestEpRet	EpLen	TestEpLen	TotalEnvInteracts	Q1Vals	Q2Vals	LogPi	LossPi	LossQ	std	Time
ant_eg_r1_a0_eps_010_0	1	73.933334	516.0	73.933334	516.0	9999	41.366646	41.366978	483.2914	-43.213543	29.907877	1.0851907	175.46721267700195
ant_eg_r1_a0_eps_010_0	2	76.229004	790.8	76.229004	790.8	19999	348.98682	348.99252	484.65524	-370.22058	1838.2415	0.9426846	372.32539224624634
ant_eg_r1_a0_eps_010_0	3	274.58334	2038.0	274.58334	2038.0	29999	1427.9714	1427.9869	181.44392	-1461.9215	16329.817	0.076040246	625.0253880023956
ant_eg_r1_a0_eps_010_0	4	376.68	771.8	376.68	771.8	39999	1784.8763	1784.8951	91.46128	-1810.3508	15604.992	0.0013631933	861.8554039001465
ant_eg_r1_a0_eps_010_0	5	495.42856	389.2	495.42856	389.2	49999	1994.6782	1994.6958	91.005646	-2016.9296	14191.477	0.00053765473	1102.1454660892487
ant_eg_r1_a0_eps_010_0	6	315.8125	701.4	315.8125	701.4	59999	2101.86	2101.8418	91.58105	-2121.0337	13926.29	0.00041216039	1347.3987593650818
ant_eg_r1_a0_eps_010_0	7	429.82608	3083.6	429.82608	3083.6	69999	2146.8416	2146.8164	89.53781	-2164.0178	13232.2	0.00045854645	1639.5853743553162
ant_eg_r1_a0_eps_010_0	8	1889.0	1027.0	1889.0	1027.0	79999	2190.4976	2190.4924	88.54696	-2206.4358	11159.533	0.00038290888	1899.3602571487427
ant_eg_r1_a0_eps_010_0	9	942.2727	1881.6	942.2727	1881.6	89999	2279.3013	2279.2947	90.05815	-2294.6643	9637.419	0.0003068919	2169.0516040325165
ant_eg_r1_a0_eps_010_0	10	1392.8572	2210.8	1392.8572	2210.8	99999	2367.9644	2367.9626	89.596725	-2382.2686	8678.084	0.00040118693	2448.73144197464
ant_eg_r1_a0_eps_010_0	11	1164.6666	2414.2	1164.6666	2414.2	109999	2443.926	2443.9294	85.13599	-2457.3376	7846.616	0.0006802049	2730.9133150577545
ant_eg_r1_a0_eps_010_0	12	1621.5	1543.8	1621.5	1543.8	119999	2507.7131	2507.7122	85.739174	-2520.4507	7848.1577	0.0005138878	2987.357279062271
ant_eg_r1_a0_eps_010_0	13	1755.0	654.6	1755.0	654.6	129999	2567.3032	2567.3044	89.612144	-2579.6177	7424.222	0.00038806588	3233.5285561084747
ant_eg_r1_a0_eps_010_0	14	815.4545	2081.0	815.4545	2081.0	139999	2618.6855	2618.6836	91.51047	-2630.8467	7985.6504	0.0003237792	3501.2415006160736
ant_eg_r1_a0_eps_010_0	15	1066.6666	464.0	1066.6666	464.0	149999	2671.744	2671.7466	87.59897	-2683.0005	7876.5825	0.00041872068	3741.3844389915466
ant_eg_r1_a0_eps_010_0	16	612.3125	1522.4	612.3125	1522.4	159999	2708.1584	2708.1553	87.71848	-2718.878	8406.214	0.00045874753	4005.1745653152466
ant_eg_r1_a0_eps_010_0	17	1344.7142	1690.4	1344.7142	1690.4	169999	2736.3508	2736.3374	90.05844	-2746.4548	8258.802	0.00035245804	4275.729050159454
ant_eg_r1_a0_eps_010_0	18	1833.3334	4150.4	1833.3334	4150.4	179999	2747.5974	2747.5972	86.89689	-2756.9062	7632.5767	0.0003993158	4587.24529671669
ant_eg_r1_a0_eps_010_0	19	2276.0	2567.2	2276.0	2567.2	189999	2751.2063	2751.204	86.45505	-2760.1929	7130.326	0.0004286554	4866.102326154709
ant_eg_r1_a0_eps_010_0	20	1304.2222	4976.0	1304.2222	4976.0	199999	2764.1077	2764.1042	89.05162	-2772.66	6594.382	0.00041074143	5191.811648368835
ant_eg_r1_a0_eps_010_0	21	772.8889	2864.0	772.8889	2864.0	209999	2771.0386	2771.0337	88.27978	-2779.3499	6428.3877	0.00045503964	5475.5696849823
ant_eg_r1_a0_eps_010_0	22	2041.2	1532.4	2041.2	1532.4	219999	2764.4941	2764.4956	88.11075	-2772.404	6130.3574	0.0004703862	5737.05185174942
ant_eg_r1_a0_eps_010_0	23	2564.8	1103.8	2564.8	1103.8	229999	2766.4683	2766.4626	89.27861	-2774.042	5636.317	0.00038396104	5987.6145441532135
ant_eg_r1_a0_eps_010_0	24	2037.75	2035.0	2037.75	2035.0	239999	2768.1357	2768.136	92.52728	-2775.3315	5369.388	0.00031472358	6256.362203836441
ant_eg_r1_a0_eps_010_0	25	2109.2	3549.6	2109.2	3549.6	249999	2779.45	2779.449	92.89409	-2786.7874	5064.9966	0.00030599002	6553.539079904556
ant_eg_r1_a0_eps_010_0	26	1817.3334	2325.6	1817.3334	2325.6	259999	2803.0845	2803.086	97.43501	-2810.25	5081.0503	0.00024536854	6827.326980352402
ant_eg_r1_a0_eps_010_0	27	1148.2858	2463.4	1148.2858	2463.4	269999	2812.7683	2812.767	97.9528	-2819.6917	5019.0986	0.0002529101	7103.456124782562
ant_eg_r1_a0_eps_010_0	28	3743.6667	3098.8	3743.6667	3098.8	279999	2818.4883	2818.4875	102.6843	-2825.3545	5063.328	0.00020411928	7391.073593616486
ant_eg_r1_a0_eps_010_0	29	4698.5	1035.8	4698.5	1035.8	289999	2831.47	2831.4695	110.02965	-2838.4065	4607.8135	0.00015071666	7637.950701951981
ant_eg_r1_a0_eps_010_0	30	3774.0	3593.2	3774.0	3593.2	299999	2837.5488	2837.5483	109.985794	-2844.2239	4596.5244	0.00016613158	7935.75132060051
ant_eg_r1_a0_eps_010_0	31	2747.3333	1187.0	2747.3333	1187.0	309999	2844.1487	2844.146	112.60373	-2850.5913	4172.5093	0.00016667838	8191.224994659424
ant_eg_r1_a0_eps_010_0	32	2088.3333	1365.4	2088.3333	1365.4	319999	2845.9883	2845.9883	113.1491	-2851.9128	3874.1687	0.00018512848	8443.806643724442
ant_eg_r1_a0_eps_010_0	33	1692.6	4077.2	1692.6	4077.2	329999	2834.7107	2834.7104	113.82046	-2840.3145	4011.736	0.00017329697	8750.812783956528
ant_eg_r1_a0_eps_010_0	34	1436.4286	2535.2	1436.4286	2535.2	339999	2808.931	2808.931	112.72333	-2814.1226	4054.3313	0.00019065391	9026.240013599396
ant_eg_r1_a0_eps_010_0	35	3637.0	4575.6	3637.0	4575.6	349999	2779.3516	2779.3513	112.157265	-2784.3186	4094.618	0.00018847776	9341.855776786804
ant_eg_r1_a0_eps_010_0	36	1946.4	911.6	1946.4	911.6	359999	2749.795	2749.793	112.73545	-2754.2236	3770.6772	0.00020497436	9587.968395471573
ant_eg_r1_a0_eps_010_0	37	3010.3333	1988.6	3010.3333	1988.6	369999	2713.5227	2713.5242	115.752045	-2717.8203	3653.2888	0.00016987356	9856.881506443024
ant_eg_r1_a0_eps_010_0	38	1963.25	2428.4	1963.25	2428.4	379999	2674.0994	2674.0945	112.903786	-2678.2273	3503.4795	0.00018368046	10132.78593158722
ant_eg_r1_a0_eps_010_0	39	2151.6	3465.8	2151.6	3465.8	389999	2637.235	2637.2341	118.12672	-2641.3315	3506.614	0.0001590543	10428.073875665665
ant_eg_r1_a0_eps_010_0	40	2496.0	1804.6	2496.0	1804.6	399999	2607.7334	2607.73	124.4963	-2611.6028	3214.0295	0.00011791446	10690.685317516327
ant_eg_r1_a0_eps_010_0	41	3903.0	4435.0	3903.0	4435.0	409999	2582.041	2582.045	126.05024	-2585.7603	3082.0745	0.00012356987	11002.854141235352
ant_eg_r1_a0_eps_010_0	42	1939.6666	2678.8	1939.6666	2678.8	419999	2554.8093	2554.8083	128.92575	-2558.4307	2932.2542	9.773817e-05	11284.678738117218
ant_eg_r1_a0_eps_010_0	43	2432.6667	1301.0	2432.6667	1301.0	429999	2529.422	2529.4238	127.86631	-2532.9473	2809.5256	0.00011490573	11538.448840856552
ant_eg_r1_a0_eps_010_0	44	5000.0	3623.0	5000.0	3623.0	439999	2504.3877	2504.3828	124.332405	-2507.9104	2708.435	0.00012263257	11833.534588813782
ant_eg_r1_a0_eps_010_0	45	2680.0	3649.0	2680.0	3649.0	449999	2484.915	2484.9138	125.81137	-2487.9966	2518.8743	0.00013202622	12133.015497207642
ant_eg_r1_a0_eps_010_0	46	2399.2	3317.8	2399.2	3317.8	459999	2451.6008	2451.6006	126.957794	-2454.5742	2478.3604	0.00012587904	12421.827023267746
ant_eg_r1_a0_eps_010_0	47	4082.0	1295.0	4082.0	1295.0	469999	2419.3066	2419.3052	124.649055	-2422.0295	2321.3376	0.00014218199	12664.059505224228
ant_eg_r1_a0_eps_010_0	48	2963.6667	2328.4	2963.6667	2328.4	479999	2386.5408	2386.5415	120.394485	-2389.37	2389.524	0.00016043239	12931.884232759476
ant_eg_r1_a0_eps_010_0	49	2664.6	5000.0	2664.6	5000.0	489999	2361.6777	2361.6772	123.63304	-2364.5554	2257.8523	0.00013531487	13244.268251657486
ant_eg_r1_a0_eps_010_0	50	3828.0	4107.8	3828.0	4107.8	499999	2334.1174	2334.1174	127.30376	-2336.6963	2118.9746	0.00011514485	13540.602993011475
ant_eg_r1_a0_eps_010_0	51	3306.25	2228.6	3306.25	2228.6	509999	2309.2761	2309.2776	132.71039	-2311.8965	2081.9734	9.585968e-05	13804.083243608475
ant_eg_r1_a0_eps_010_0	52	2365.0	5000.0	2365.0	5000.0	519999	2290.3342	2290.334	136.30602	-2293.0276	2002.9368	9.376221e-05	14112.18983244896
ant_eg_r1_a0_eps_010_0	53	5000.0	2222.6	5000.0	2222.6	529999	2276.3328	2276.335	132.3784	-2278.9402	1920.6412	9.266414e-05	14376.995496034622
ant_eg_r1_a0_eps_010_0	54	3249.0	2858.6	3249.0	2858.6	539999	2250.934	2250.9336	132.74628	-2253.2144	1777.6584	9.406875e-05	14647.771017074585
ant_eg_r1_a0_eps_010_0	55	2662.5	1633.6	2662.5	1633.6	549999	2225.294	2225.293	127.63523	-2227.5872	1844.2343	0.0001268332	14901.621096849442
ant_eg_r1_a0_eps_010_0	56	3518.5	4609.2	3518.5	4609.2	559999	2204.696	2204.6953	134.41696	-2206.977	1684.0298	9.096714e-05	15205.95352768898
ant_eg_r1_a0_eps_010_0	57	2526.8	2619.6	2526.8	2619.6	569999	2182.433	2182.433	127.4836	-2184.5588	1660.2921	0.00012401331	15474.575953960419
ant_eg_r1_a0_eps_010_0	58	3305.0	3557.6	3305.0	3557.6	579999	2161.053	2161.0518	123.649475	-2163.1868	1617.4696	0.0001406288	15757.810292959213
ant_eg_r1_a0_eps_010_0	59	1402.2	3515.2	1402.2	3515.2	589999	2142.3643	2142.366	123.32962	-2144.4595	1652.2653	0.00015104027	16042.965992450714
ant_eg_r1_a0_eps_010_0	60	3340.6667	4565.2	3340.6667	4565.2	599999	2122.1155	2122.1155	119.426834	-2124.164	1629.7148	0.00017886005	16347.534297466278
ant_eg_r1_a0_eps_010_0	61	2589.2	4199.2	2589.2	4199.2	609999	2103.203	2103.2024	122.68357	-2105.1409	1536.2158	0.0001566531	16646.374576091766
ant_eg_r1_a0_eps_010_0	62	2005.5	3315.2	2005.5	3315.2	619999	2086.2695	2086.268	128.0534	-2088.3064	1546.0466	0.00013217909	16926.010305166245
ant_eg_r1_a0_eps_010_0	63	4049.0	4778.8	4049.0	4778.8	629999	2073.4832	2073.4834	127.26534	-2075.5125	1520.8065	0.000119748154	17234.984592437744
ant_eg_r1_a0_eps_010_0	64	2359.0	3881.2	2359.0	3881.2	639999	2065.525	2065.5242	130.69392	-2067.6958	1499.813	9.33746e-05	17527.300864458084
ant_eg_r1_a0_eps_010_0	65	5000.0	3156.2	5000.0	3156.2	649999	2055.318	2055.3171	135.68004	-2057.4414	1485.88	6.7328736e-05	17806.414021492004
ant_eg_r1_a0_eps_010_0	66	2561.0	3358.8	2561.0	3358.8	659999	2047.8549	2047.8567	138.21597	-2049.7292	1375.5459	7.217679e-05	18087.30364704132
ant_eg_r1_a0_eps_010_0	67	3389.6667	3285.4	3389.6667	3285.4	669999	2036.3396	2036.3363	132.42802	-2038.1354	1377.945	9.554036e-05	18365.87181043625
ant_eg_r1_a0_eps_010_0	68	3434.0	4589.4	3434.0	4589.4	679999	2022.0587	2022.0583	133.31715	-2023.8812	1327.3241	9.3837145e-05	18669.61551260948
ant_eg_r1_a0_eps_010_0	69	4926.0	4673.6	4926.0	4673.6	689999	2007.9291	2007.9288	130.28004	-2009.7502	1371.524	0.000100866615	18976.011923789978
ant_eg_r1_a0_eps_010_0	70	4818.5	4396.2	4818.5	4396.2	699999	1998.4067	1998.4069	146.04512	-2000.3234	1227.1052	5.889411e-05	19277.929540872574
ant_eg_r1_a0_eps_010_0	71	3796.0	2679.6	3796.0	2679.6	709999	1991.1016	1991.1013	139.74403	-1992.9076	1232.8531	8.007865e-05	19546.586857318878
ant_eg_r1_a0_eps_010_0	72	3616.6667	4959.4	3616.6667	4959.4	719999	1979.101	1979.1025	129.23737	-1980.7983	1280.2789	0.00011105734	19857.961846113205
ant_eg_r1_a0_eps_010_0	73	2607.5	3751.8	2607.5	3751.8	729999	1965.5598	1965.5575	131.91055	-1967.0358	1218.3218	0.00011498071	20147.916404247284
ant_eg_r1_a0_eps_010_0	74	3863.0	2204.4	3863.0	2204.4	739999	1952.1232	1952.1232	141.84612	-1953.6786	1124.862	7.9519894e-05	20414.251343011856
ant_eg_r1_a0_eps_010_0	75	3281.5	3701.4	3281.5	3701.4	749999	1936.4121	1936.4111	134.7515	-1937.712	1146.9297	0.00010235574	20703.88091158867
ant_eg_r1_a0_eps_010_0	76	2719.5	3976.8	2719.5	3976.8	759999	1920.0587	1920.0586	136.23656	-1921.648	1111.1073	8.9647736e-05	20996.588063955307
ant_eg_r1_a0_eps_010_0	77	5000.0	2444.2	5000.0	2444.2	769999	1908.0815	1908.0802	142.14027	-1909.5824	1068.9316	7.005162e-05	21260.579533576965
ant_eg_r1_a0_eps_010_0	78	2700.5	4474.0	2700.5	4474.0	779999	1897.2374	1897.2383	137.61845	-1898.6544	1070.0143	8.581069e-05	21561.532026052475
ant_eg_r1_a0_eps_010_0	79	3041.5	3655.8	3041.5	3655.8	789999	1886.1732	1886.1716	141.53308	-1887.5984	1065.278	7.580833e-05	21847.795526742935
ant_eg_r1_a0_eps_010_0	80	5000.0	2743.6	5000.0	2743.6	799999	1873.9156	1873.9159	135.04039	-1875.2638	1016.0886	8.812118e-05	22119.228226661682
ant_eg_r1_a0_eps_010_0	81	5000.0	4242.2	5000.0	4242.2	809999	1858.0557	1858.0554	139.47905	-1859.3466	970.7624	7.977227e-05	22415.668565750122
ant_eg_r1_a0_eps_010_0	82	5000.0	3278.6	5000.0	3278.6	819999	1844.6965	1844.6952	149.32689	-1845.9417	902.7466	5.9437145e-05	22700.601998806
ant_eg_r1_a0_eps_010_0	83	2717.0	3340.0	2717.0	3340.0	829999	1833.0515	1833.0505	149.22893	-1834.2404	921.4289	5.5928027e-05	22983.52758216858
ant_eg_r1_a0_eps_010_0	84	4357.6665	2707.0	4357.6665	2707.0	839999	1818.2299	1818.229	138.35106	-1819.3208	907.314	7.3948526e-05	23253.89426279068
ant_eg_r1_a0_eps_010_0	85	2431.3333	4860.4	2431.3333	4860.4	849999	1806.6766	1806.677	136.7007	-1807.7606	890.453	6.919483e-05	23564.00839948654
ant_eg_r1_a0_eps_010_0	86	5000.0	3428.4	5000.0	3428.4	859999	1793.3546	1793.3529	139.60237	-1794.4207	851.8994	6.40065e-05	23846.324139118195
ant_eg_r1_a0_eps_010_0	87	3967.6667	1946.0	3967.6667	1946.0	869999	1783.8723	1783.8713	134.4322	-1785.0096	850.6676	8.570078e-05	24104.14698243141
ant_eg_r1_a0_eps_010_0	88	3862.0	3876.0	3862.0	3876.0	879999	1769.3243	1769.3248	130.389	-1770.2854	842.1735	0.00012070861	24392.31147646904
ant_eg_r1_a0_eps_010_0	89	2628.0	4243.2	2628.0	4243.2	889999	1755.4795	1755.4788	133.28502	-1756.3748	785.2358	0.0001209438	24690.2610039711
ant_eg_r1_a0_eps_010_0	90	4253.0	5000.0	4253.0	5000.0	899999	1742.0199	1742.019	134.40819	-1742.9702	749.322	0.000106414154	25000.59023499489
ant_eg_r1_a0_eps_010_0	91	5000.0	3803.0	5000.0	3803.0	909999	1726.7273	1726.7264	135.07918	-1727.6492	728.3704	0.00010930672	25289.43020439148
ant_eg_r1_a0_eps_010_0	92	5000.0	3412.2	5000.0	3412.2	919999	1720.5322	1720.5326	132.03923	-1721.555	756.1143	0.00012494731	25570.539916992188
ant_eg_r1_a0_eps_010_0	93	3209.5	5000.0	3209.5	5000.0	929999	1710.7416	1710.7416	126.53727	-1711.6876	739.7604	0.00012494062	25879.025122642517
ant_eg_r1_a0_eps_010_0	94	5000.0	3492.2	5000.0	3492.2	939999	1704.1052	1704.103	132.6944	-1705.1106	733.5458	9.5285766e-05	26163.802952528
ant_eg_r1_a0_eps_010_0	95	4977.5	4044.2	4977.5	4044.2	949999	1700.1696	1700.1696	136.16298	-1701.1392	738.4566	8.423431e-05	26456.336255550385
ant_eg_r1_a0_eps_010_0	96	3597.3333	3095.2	3597.3333	3095.2	959999	1694.6295	1694.6283	135.03716	-1695.4902	704.5489	8.043345e-05	26735.14363002777
ant_eg_r1_a0_eps_010_0	97	4495.5	2516.4	4495.5	2516.4	969999	1687.1586	1687.1586	131.80528	-1687.921	652.6517	9.901385e-05	27000.0505464077
ant_eg_r1_a0_eps_010_0	98	3537.5	2903.0	3537.5	2903.0	979999	1677.0803	1677.0803	130.26932	-1677.8926	672.65643	0.00011008593	27273.73197412491
ant_eg_r1_a0_eps_010_0	99	5000.0	3181.2	5000.0	3181.2	989999	1668.7551	1668.7537	130.46947	-1669.47	661.9264	0.000108825385	27551.915904521942
ant_eg_r1_a0_eps_010_0	100	3621.5	4700.4	3621.5	4700.4	999999	1661.0645	1661.0646	125.78393	-1661.8606	649.8874	0.00014187748	27858.968878746033
ant_eg_r1_a0_eps_010_0	101	2598.0	4490.6	2598.0	4490.6	1009999	1654.3955	1654.3948	130.68246	-1655.1162	628.402	0.00012892537	28159.277460098267
ant_eg_r1_a0_eps_010_0	102	2617.6667	4828.8	2617.6667	4828.8	1019999	1647.4889	1647.4879	139.86075	-1648.0247	562.2535	7.828389e-05	28467.40780353546
ant_eg_r1_a0_eps_010_0	103	4228.0	4723.8	4228.0	4723.8	1029999	1641.5464	1641.5453	118.41511	-1641.9982	538.5335	0.00018461864	28772.038935661316
ant_eg_r1_a0_eps_010_0	104	2710.0	4341.0	2710.0	4341.0	1039999	1634.441	1634.4397	129.24738	-1634.8575	471.93784	0.00015807102	29069.84396457672
ant_eg_r1_a0_eps_010_0	105	3372.0	1963.4	3372.0	1963.4	1049999	1627.3691	1627.3684	124.869446	-1627.7598	475.57074	0.00014605657	29330.22424674034
ant_eg_r1_a0_eps_010_0	106	5000.0	3831.2	5000.0	3831.2	1059999	1621.9603	1621.9592	126.145645	-1622.3606	450.36014	0.00023219433	29620.98505091667
ant_eg_r1_a0_eps_010_0	107	5000.0	3399.8	5000.0	3399.8	1069999	1617.5399	1617.5405	125.01092	-1617.8392	438.7293	0.00016474005	29900.365577220917
ant_eg_r1_a0_eps_010_0	108	3244.0	3212.6	3244.0	3212.6	1079999	1611.279	1611.278	130.95255	-1611.5178	375.5072	0.00014597485	30178.87162899971
ant_eg_r1_a0_eps_010_0	109	5000.0	4013.4	5000.0	4013.4	1089999	1606.5048	1606.5026	123.328705	-1606.8007	406.81094	0.00019186159	30470.209946632385
ant_eg_r1_a0_eps_010_0	110	3821.0	4692.4	3821.0	4692.4	1099999	1599.049	1599.0477	120.18026	-1599.2834	374.2419	0.00021468475	30770.795562267303
ant_eg_r1_a0_eps_010_0	111	5000.0	3150.0	5000.0	3150.0	1109999	1590.0496	1590.0496	128.82158	-1590.2268	365.3878	0.00013596895	31047.95220565796
ant_eg_r1_a0_eps_010_0	112	5000.0	3245.4	5000.0	3245.4	1119999	1583.5283	1583.5266	131.4036	-1583.713	292.16168	0.00017897662	31322.117367744446
ant_eg_r1_a0_eps_010_0	113	5000.0	4146.0	5000.0	4146.0	1129999	1574.907	1574.9065	137.13869	-1575.1101	308.24826	0.000109436354	31615.445400714874
ant_eg_r1_a0_eps_010_0	114	4160.3335	3425.4	4160.3335	3425.4	1139999	1566.8218	1566.8217	121.8168	-1566.9893	283.8882	0.000199127	31895.878363370895
ant_eg_r1_a0_eps_010_0	115	2839.0	3839.0	2839.0	3839.0	1149999	1558.9366	1558.9359	120.07128	-1559.1093	296.1872	0.00026247493	32184.769629478455
ant_eg_r1_a0_eps_010_0	116	3125.75	4607.8	3125.75	4607.8	1159999	1550.6156	1550.6143	129.20264	-1550.7542	296.60275	0.00016519826	32485.132125377655
ant_eg_r1_a0_eps_010_0	117	5000.0	4226.6	5000.0	4226.6	1169999	1544.3645	1544.3643	140.36586	-1544.5603	273.56616	9.837419e-05	32783.45892715454
ant_eg_r1_a0_eps_010_0	118	4429.5	5000.0	4429.5	5000.0	1179999	1535.5964	1535.5958	131.01355	-1535.7139	261.13354	0.00016955381	33096.212374687195
ant_eg_r1_a0_eps_010_0	119	3671.3333	4886.0	3671.3333	4886.0	1189999	1527.0809	1527.0804	127.73666	-1527.1715	229.0949	0.00025628062	33405.33762836456
ant_eg_r1_a0_eps_010_0	120	1958.0	2361.4	1958.0	2361.4	1199999	1518.605	1518.6042	136.98347	-1518.739	269.5457	0.00017157663	33667.10707163811
ant_eg_r1_a0_eps_010_0	121	2525.75	3700.4	2525.75	3700.4	1209999	1512.511	1512.5106	140.50041	-1512.6996	233.30505	0.00011102369	33953.16507411003
ant_eg_r1_a0_eps_010_0	122	865.75	3128.8	865.75	3128.8	1219999	1506.4034	1506.403	128.20686	-1506.5046	254.05847	0.00032323264	34228.249411821365
ant_eg_r1_a0_eps_010_0	123	2623.25	3930.4	2623.25	3930.4	1229999	1499.6412	1499.6415	140.39093	-1499.7065	248.45145	0.0001606393	34517.594494104385
ant_eg_r1_a0_eps_010_0	124	3049.0	3330.4	3049.0	3330.4	1239999	1491.2804	1491.2802	125.92694	-1491.3748	216.26845	0.0002705537	34801.1153011322
ant_eg_r1_a0_eps_010_0	125	5000.0	3508.0	5000.0	3508.0	1249999	1482.5634	1482.562	129.69295	-1482.654	232.0235	0.00022249323	35085.59197020531
ant_eg_r1_a0_eps_010_0	126	2078.0	4385.6	2078.0	4385.6	1259999	1477.4604	1477.4607	132.47253	-1477.6323	256.62204	0.00020881295	35383.19401192665
ant_eg_r1_a0_eps_010_0	127	5000.0	4547.8	5000.0	4547.8	1269999	1471.4841	1471.4832	124.73684	-1471.6101	222.0198	0.0003807887	35683.313750743866
ant_eg_r1_a0_eps_010_0	128	2723.25	4233.2	2723.25	4233.2	1279999	1466.7001	1466.6991	136.10728	-1466.8812	202.80986	0.00019856427	35977.78383111954
ant_eg_r1_a0_eps_010_0	129	3354.0	476.6	3354.0	476.6	1289999	1460.7819	1460.7811	128.04971	-1460.8622	188.11716	0.00024458324	36207.65782856941
ant_eg_r1_a0_eps_010_0	130	2443.4	2265.2	2443.4	2265.2	1299999	1452.4309	1452.4291	133.67981	-1452.5111	191.26086	0.00025276726	36470.99232125282
ant_eg_r1_a0_eps_010_0	131	2197.75	3751.2	2197.75	3751.2	1309999	1445.0306	1445.0305	141.00798	-1445.1143	186.73268	0.00016060179	36759.96894931793
ant_eg_r1_a0_eps_010_0	132	2783.0	1460.8	2783.0	1460.8	1319999	1437.2369	1437.2369	134.75903	-1437.3643	200.09523	0.00016525539	37010.67793035507
ant_eg_r1_a0_eps_010_0	133	2731.75	2158.8	2731.75	2158.8	1329999	1433.3801	1433.3802	127.79476	-1433.6498	204.12103	0.00024422733	37279.6489982605
ant_eg_r1_a0_eps_010_0	134	1722.25	2934.8	1722.25	2934.8	1339999	1430.972	1430.9719	152.85503	-1431.1	186.0525	7.109436e-05	37556.169394016266
ant_eg_r1_a0_eps_010_0	135	2918.75	2383.2	2918.75	2383.2	1349999	1423.4027	1423.402	132.64069	-1423.5251	204.79701	0.00023290749	37822.83424139023
ant_eg_r1_a0_eps_010_0	136	2115.8	2021.2	2115.8	2021.2	1359999	1418.281	1418.2805	142.70572	-1418.4364	204.25595	0.0001251938	38087.72720527649
ant_eg_r1_a0_eps_010_0	137	2474.75	4618.0	2474.75	4618.0	1369999	1414.5936	1414.593	151.5638	-1414.7776	218.42903	7.11713e-05	38397.96527791023
ant_eg_r1_a0_eps_010_0	138	2564.0	2250.2	2564.0	2250.2	1379999	1410.8635	1410.8639	153.24678	-1411.0334	210.7587	0.000100651014	38670.48143577576
ant_eg_r1_a0_eps_010_0	139	4388.6665	4941.4	4388.6665	4941.4	1389999	1406.6096	1406.6082	142.2029	-1406.7788	218.9225	0.00018299517	38992.33044910431
ant_eg_r1_a0_eps_010_0	140	3717.5	2609.6	3717.5	2609.6	1399999	1401.7738	1401.7736	142.45195	-1401.9774	194.98552	0.00011583319	39270.21388697624
ant_eg_r1_a0_eps_010_0	141	3033.5	3231.2	3033.5	3231.2	1409999	1397.9657	1397.9642	150.75117	-1398.1246	165.24902	0.00011004362	39567.86162519455
ant_eg_r1_a0_eps_010_0	142	2759.75	2478.8	2759.75	2478.8	1419999	1392.8375	1392.8378	147.85567	-1393.0005	193.8369	0.00011952173	39844.73004746437
ant_eg_r1_a0_eps_010_0	143	3103.0	4032.8	3103.0	4032.8	1429999	1389.4119	1389.4116	143.04602	-1389.585	180.37898	0.0001880407	40151.38237977028
ant_eg_r1_a0_eps_010_0	144	3169.5	2535.2	3169.5	2535.2	1439999	1384.1471	1384.1465	147.56183	-1384.2384	178.90659	0.00012374073	40427.85424184799
ant_eg_r1_a0_eps_010_0	145	3275.5	1868.4	3275.5	1868.4	1449999	1377.947	1377.9471	152.07442	-1378.0568	165.52155	7.579812e-05	40690.28156733513
ant_eg_r1_a0_eps_010_0	146	2544.5	1927.2	2544.5	1927.2	1459999	1374.3187	1374.319	158.65843	-1374.5066	164.99016	5.2560412e-05	40956.18485498428
ant_eg_r1_a0_eps_010_0	147	2613.5	2382.2	2613.5	2382.2	1469999	1370.8523	1370.8513	153.97495	-1371.0205	155.07469	7.552582e-05	41227.9457552433
ant_eg_r1_a0_eps_010_0	148	3273.0	4696.2	3273.0	4696.2	1479999	1365.7278	1365.7266	142.81079	-1365.8881	173.28806	0.00017545666	41537.68246150017
ant_eg_r1_a0_eps_010_0	149	2086.8	3622.0	2086.8	3622.0	1489999	1362.5613	1362.5604	142.95718	-1362.764	181.81332	9.6416676e-05	41830.69736742973
ant_eg_r1_a0_eps_010_0	150	4448.5	4813.2	4448.5	4813.2	1499999	1359.3695	1359.3699	152.94849	-1359.5918	173.16312	7.0868875e-05	42147.34907245636
ant_eg_r1_a0_eps_010_0	151	2536.4	2913.4	2536.4	2913.4	1509999	1357.2683	1357.2682	140.61938	-1357.4337	187.65378	0.00014325709	42433.058843135834
ant_eg_r1_a0_eps_010_0	152	5000.0	3288.0	5000.0	3288.0	1519999	1353.8428	1353.8428	141.55261	-1354.0164	154.38771	0.00014411708	42719.06685423851
ant_eg_r1_a0_eps_010_0	153	2765.25	3361.0	2765.25	3361.0	1529999	1350.4241	1350.4237	141.97363	-1350.5413	166.33662	0.00017158427	43007.21473526955
ant_eg_r1_a0_eps_010_0	154	2676.3333	4832.4	2676.3333	4832.4	1539999	1344.9712	1344.9708	148.8944	-1345.1136	190.56458	7.131928e-05	43324.646243810654
ant_eg_r1_a0_eps_010_0	155	2005.4	3617.4	2005.4	3617.4	1549999	1341.6057	1341.605	143.21764	-1341.7361	165.69173	0.00013477026	43620.13584065437
ant_eg_r1_a0_eps_010_0	156	4185.3335	3762.6	4185.3335	3762.6	1559999	1337.9918	1337.9911	142.89418	-1338.1472	175.53876	0.000113473056	43917.95864319801
ant_eg_r1_a0_eps_010_0	157	1134.4	5000.0	1134.4	5000.0	1569999	1335.1552	1335.1545	141.37857	-1335.3986	197.44695	0.00012577827	44234.744517326355
ant_eg_r1_a0_eps_010_0	158	4876.3335	5000.0	4876.3335	5000.0	1579999	1334.7065	1334.7057	150.86513	-1334.8975	155.37358	6.0972117e-05	44555.99074554443
ant_eg_r1_a0_eps_010_0	159	3536.0	2731.0	3536.0	2731.0	1589999	1331.6687	1331.6694	153.58582	-1331.8234	138.73329	7.966943e-05	44838.569989442825
ant_eg_r1_a0_eps_010_0	160	3337.3333	4317.6	3337.3333	4317.6	1599999	1328.0463	1328.0458	148.53224	-1328.2021	160.93793	0.00012623196	45152.879296302795
ant_eg_r1_a0_eps_010_0	161	3075.25	2279.2	3075.25	2279.2	1609999	1324.5992	1324.5988	148.06155	-1324.7874	166.40726	8.2900166e-05	45433.12795209885
ant_eg_r1_a0_eps_010_0	162	3424.0	3480.0	3424.0	3480.0	1619999	1321.0797	1321.0798	150.29504	-1321.2136	154.00874	0.00012488067	45737.02206468582
ant_eg_r1_a0_eps_010_0	163	5000.0	4624.2	5000.0	4624.2	1629999	1318.9336	1318.9331	159.77827	-1319.1056	161.8693	7.869135e-05	46059.36449241638
ant_eg_r1_a0_eps_010_0	164	4994.0	3155.2	4994.0	3155.2	1639999	1316.9802	1316.9797	160.1855	-1317.165	151.87547	6.084117e-05	46354.45479631424
ant_eg_r1_a0_eps_010_0	165	2035.25	4088.8	2035.25	4088.8	1649999	1315.1815	1315.1808	154.3555	-1315.382	146.1631	7.075273e-05	46666.43934893608
ant_eg_r1_a0_eps_010_0	166	5000.0	2096.8	5000.0	2096.8	1659999	1311.4878	1311.4877	140.4077	-1311.6447	157.99898	0.00018484432	46937.750667095184
ant_eg_r1_a0_eps_010_0	167	5000.0	3612.8	5000.0	3612.8	1669999	1310.5009	1310.5006	149.49365	-1310.7299	142.13882	7.231664e-05	47238.44645476341
ant_eg_r1_a0_eps_010_0	168	3411.6667	3376.0	3411.6667	3376.0	1679999	1308.5889	1308.5886	138.91139	-1308.7474	133.19514	0.00019560658	47537.77355456352
ant_eg_r1_a0_eps_010_0	169	2932.5	3493.2	2932.5	3493.2	1689999	1304.4734	1304.4729	146.69437	-1304.6444	146.10321	0.00011086161	47836.649049043655
ant_eg_r1_a0_eps_010_0	170	2247.3333	4569.8	2247.3333	4569.8	1699999	1302.1522	1302.1526	147.71007	-1302.366	146.43312	0.00012227615	48160.536657094955
ant_eg_r1_a0_eps_010_0	171	3198.75	2913.4	3198.75	2913.4	1709999	1300.7505	1300.7504	156.02107	-1301.0312	162.52602	5.899028e-05	48452.12767934799
ant_eg_r1_a0_eps_010_0	172	5000.0	4061.8	5000.0	4061.8	1719999	1301.0629	1301.0623	152.4282	-1301.3716	164.3334	8.281077e-05	48766.951823949814
ant_eg_r1_a0_eps_010_0	173	4448.5	2764.6	4448.5	2764.6	1729999	1301.4276	1301.4271	148.04831	-1301.642	131.75987	9.9086414e-05	49055.56438541412
ant_eg_r1_a0_eps_010_0	174	2723.5	4631.6	2723.5	4631.6	1739999	1300.7109	1300.7103	161.01001	-1300.9445	148.86957	3.2927106e-05	49381.13172912598
ant_eg_r1_a0_eps_010_0	175	5000.0	2858.0	5000.0	2858.0	1749999	1299.5477	1299.5468	156.3494	-1299.809	135.77037	5.1449053e-05	49677.71939945221
ant_eg_r1_a0_eps_010_0	176	2811.6667	3517.4	2811.6667	3517.4	1759999	1297.6366	1297.6367	149.4818	-1297.8341	143.471	0.00014895025	49984.151730298996
ant_eg_r1_a0_eps_010_0	177	3753.0	3689.4	3753.0	3689.4	1769999	1295.7542	1295.7538	146.87732	-1296.0156	148.9868	9.250258e-05	50291.683799505234
ant_eg_r1_a0_eps_010_0	178	3083.6667	2814.8	3083.6667	2814.8	1779999	1294.1022	1294.1013	146.60037	-1294.3624	147.71423	8.0964615e-05	50590.0520939827
ant_eg_r1_a0_eps_010_0	179	5000.0	2723.0	5000.0	2723.0	1789999	1292.751	1292.751	151.23676	-1292.9755	139.6064	0.00012713589	50890.15197014809
ant_eg_r1_a0_eps_010_0	180	4189.0	1090.0	4189.0	1090.0	1799999	1291.4376	1291.4369	160.55592	-1291.732	135.64345	3.6994283e-05	51156.76331305504
ant_eg_r1_a0_eps_010_0	181	3256.75	2530.2	3256.75	2530.2	1809999	1290.3346	1290.3348	158.28305	-1290.5521	121.954285	6.7754496e-05	51457.01406335831
ant_eg_r1_a0_eps_010_0	182	1485.25	3151.4	1485.25	3151.4	1819999	1289.1484	1289.1488	157.58586	-1289.3798	153.7506	5.973537e-05	51760.18722510338
ant_eg_r1_a0_eps_010_0	183	3443.3333	3860.8	3443.3333	3860.8	1829999	1287.6625	1287.6626	162.00375	-1287.8773	152.56729	2.888007e-05	52076.90068244934
ant_eg_r1_a0_eps_010_0	184	2648.0	2257.8	2648.0	2257.8	1839999	1286.4689	1286.4689	159.02998	-1286.6989	150.9097	3.2253152e-05	52361.01330590248
ant_eg_r1_a0_eps_010_0	185	3777.0	1870.8	3777.0	1870.8	1849999	1284.5049	1284.504	149.45193	-1284.7401	154.75665	6.461793e-05	52641.265642404556
ant_eg_r1_a0_eps_010_0	186	2876.75	4440.0	2876.75	4440.0	1859999	1283.3634	1283.3632	153.40257	-1283.6488	156.20206	6.071201e-05	52967.45890259743
ant_eg_r1_a0_eps_010_0	187	2613.5	3737.2	2613.5	3737.2	1869999	1283.1267	1283.1259	162.91554	-1283.4062	124.64724	2.6909906e-05	53279.623212337494
ant_eg_r1_a0_eps_010_0	188	2753.3333	3557.4	2753.3333	3557.4	1879999	1282.4382	1282.438	148.16913	-1282.7472	144.15785	7.8776306e-05	53592.20988821983
ant_eg_r1_a0_eps_010_0	189	4345.6665	2731.2	4345.6665	2731.2	1889999	1282.5696	1282.5693	154.60388	-1282.8721	141.885	4.56991e-05	53892.04423284531
ant_eg_r1_a0_eps_010_0	190	2974.0	3826.2	2974.0	3826.2	1899999	1284.2852	1284.2845	162.63882	-1284.6165	147.44687	3.0909494e-05	54210.862807035446
ant_eg_r1_a0_eps_010_0	191	2058.25	3456.4	2058.25	3456.4	1909999	1285.1182	1285.1189	161.8306	-1285.3488	145.03384	3.1243748e-05	54523.814895391464
ant_eg_r1_a0_eps_010_0	192	2649.0	1649.8	2649.0	1649.8	1919999	1287.6577	1287.6577	168.9163	-1288.0118	180.15613	2.1787117e-05	54797.6678249836
ant_eg_r1_a0_eps_010_0	193	1885.75	4070.6	1885.75	4070.6	1929999	1289.4176	1289.4172	165.13652	-1289.7773	160.7064	3.4464425e-05	55113.350096940994
ant_eg_r1_a0_eps_010_0	194	5000.0	4028.6	5000.0	4028.6	1939999	1290.8477	1290.8469	161.61798	-1291.1931	171.80904	5.9426933e-05	55420.795402526855
ant_eg_r1_a0_eps_010_0	195	1426.3334	4468.6	1426.3334	4468.6	1949999	1290.4958	1290.4956	157.70451	-1290.866	209.65387	4.873874e-05	55737.17977690697
ant_eg_r1_a0_eps_010_0	196	2931.0	5000.0	2931.0	5000.0	1959999	1293.175	1293.1749	157.6405	-1293.5302	168.8594	5.18955e-05	56062.522673130035
ant_eg_r1_a0_eps_010_0	197	4051.6667	3505.8	4051.6667	3505.8	1969999	1294.2104	1294.2097	167.37221	-1294.5188	183.19092	4.429004e-05	56358.674328804016
ant_eg_r1_a0_eps_010_0	198	2473.5	2247.0	2473.5	2247.0	1979999	1295.3423	1295.3418	165.92946	-1295.7368	193.00064	4.4269444e-05	56632.33568382263
ant_eg_r1_a0_eps_010_0	199	2727.0	3487.2	2727.0	3487.2	1989999	1298.7086	1298.7079	174.30948	-1299.0929	188.76654	1.8147746e-05	56928.41872501373
ant_eg_r1_a0_eps_010_0	200	3336.6667	2117.4	3336.6667	2117.4	1999999	1297.8314	1297.8319	158.99986	-1298.154	171.95926	4.5487017e-05	57198.423073768616
ant_eg_r1_a0_eps_010_0	201	2853.5	2870.6	2853.5	2870.6	2009999	1297.446	1297.4456	154.93951	-1297.823	180.30049	7.255554e-05	57484.081087589264
ant_eg_r1_a0_eps_010_0	202	3329.6667	3264.8	3329.6667	3264.8	2019999	1297.9927	1297.9922	170.03706	-1298.379	185.06143	3.1326235e-05	57776.105966091156
ant_eg_r1_a0_eps_010_0	203	2562.4	2093.4	2562.4	2093.4	2029999	1297.7638	1297.7635	155.77815	-1298.1316	177.66788	9.91692e-05	58047.76132965088
ant_eg_r1_a0_eps_010_0	204	2313.25	3313.0	2313.25	3313.0	2039999	1297.4801	1297.4797	154.95004	-1297.7924	188.13205	7.366369e-05	58341.216711997986
ant_eg_r1_a0_eps_010_0	205	3426.6667	2616.4	3426.6667	2616.4	2049999	1296.4731	1296.4729	160.47902	-1296.8722	188.85345	4.5828205e-05	58621.23669934273
ant_eg_r1_a0_eps_010_0	206	3528.3333	2802.2	3528.3333	2802.2	2059999	1296.986	1296.9852	148.2906	-1297.3252	195.33475	8.833977e-05	58906.94933104515
ant_eg_r1_a0_eps_010_0	207	3195.0	2216.4	3195.0	2216.4	2069999	1297.9875	1297.9874	154.36905	-1298.4072	193.18607	0.00010134552	59182.89224433899
ant_eg_r1_a0_eps_010_0	208	3882.0	3863.0	3882.0	3863.0	2079999	1299.9568	1299.9562	170.103	-1300.2985	177.61218	1.9310384e-05	59488.28639483452
ant_eg_r1_a0_eps_010_0	209	4056.3333	1753.0	4056.3333	1753.0	2089999	1300.0261	1300.0255	167.73277	-1300.3628	185.15793	4.2973013e-05	59752.40406751633
ant_eg_r1_a0_eps_010_0	210	3131.3333	3740.6	3131.3333	3740.6	2099999	1299.21	1299.2103	158.81985	-1299.5624	193.09842	6.4542764e-05	60056.72591280937
ant_eg_r1_a0_eps_010_0	211	5000.0	1928.6	5000.0	1928.6	2109999	1302.1371	1302.1367	183.16234	-1302.6082	203.08289	6.0520842e-06	60326.438900232315
ant_eg_r1_a0_eps_010_0	212	1879.4	3911.6	1879.4	3911.6	2119999	1305.681	1305.681	172.80171	-1306.12	216.05017	2.3100714e-05	60633.335341215134
ant_eg_r1_a0_eps_010_0	213	3592.6667	2805.8	3592.6667	2805.8	2129999	1306.8134	1306.8136	164.00684	-1307.2052	210.65872	3.6370442e-05	60918.66701292992
ant_eg_r1_a0_eps_010_0	214	2985.0	3247.4	2985.0	3247.4	2139999	1306.7601	1306.7594	163.3315	-1307.1707	188.48378	3.3047832e-05	61218.099476099014
ant_eg_r1_a0_eps_010_0	215	3634.5	2364.8	3634.5	2364.8	2149999	1307.5087	1307.5073	165.99733	-1307.9169	194.82115	3.4702607e-05	61500.91818070412
ant_eg_r1_a0_eps_010_0	216	3590.5	3280.0	3590.5	3280.0	2159999	1309.0322	1309.0321	173.66803	-1309.4844	194.51117	1.624844e-05	61807.403007268906
ant_eg_r1_a0_eps_010_0	217	2833.5	3014.8	2833.5	3014.8	2169999	1312.9987	1312.9996	168.05602	-1313.5339	197.0932	2.8104352e-05	62109.48678278923
ant_eg_r1_a0_eps_010_0	218	2705.0	2789.4	2705.0	2789.4	2179999	1313.4565	1313.4551	173.4212	-1313.8184	199.51588	1.4550424e-05	62407.29429268837
ant_eg_r1_a0_eps_010_0	219	5000.0	4433.4	5000.0	4433.4	2189999	1315.4504	1315.4509	177.41428	-1315.8937	200.00812	1.72637e-05	62738.71610236168
ant_eg_r1_a0_eps_010_0	220	1763.0	4148.6	1763.0	4148.6	2199999	1317.0892	1317.0884	173.62892	-1317.4832	191.3407	2.37066e-05	63060.41771531105
ant_eg_r1_a0_eps_010_0	221	3856.6667	3845.6	3856.6667	3845.6	2209999	1318.2524	1318.2521	168.79897	-1318.6276	192.2429	2.7871736e-05	63378.86280608177
ant_eg_r1_a0_eps_010_0	222	3680.0	3878.6	3680.0	3878.6	2219999	1318.8108	1318.8107	170.52554	-1319.2778	212.37476	2.0259196e-05	63692.17359471321
ant_eg_r1_a0_eps_010_0	223	3208.0	3391.4	3208.0	3391.4	2229999	1323.124	1323.1227	185.05956	-1323.6097	212.27153	3.5780415e-06	63993.353293418884
ant_eg_r1_a0_eps_010_0	224	3473.0	4335.4	3473.0	4335.4	2239999	1326.809	1326.809	178.91663	-1327.1659	194.2293	2.3874223e-05	64309.688435316086
ant_eg_r1_a0_eps_010_0	225	3865.3333	1342.6	3865.3333	1342.6	2249999	1329.261	1329.2598	176.71132	-1329.7838	222.66255	1.2070758e-05	64570.966227054596
ant_eg_r1_a0_eps_010_0	226	4214.5	2988.6	4214.5	2988.6	2259999	1330.2704	1330.2692	177.166	-1330.7065	185.16286	8.520983e-06	64858.42792272568
ant_eg_r1_a0_eps_010_0	227	3351.5	3141.8	3351.5	3141.8	2269999	1330.8593	1330.8584	179.2592	-1331.3499	191.01726	6.2373624e-06	65149.506584882736
ant_eg_r1_a0_eps_010_0	228	2701.75	3936.2	2701.75	3936.2	2279999	1331.093	1331.0917	183.26141	-1331.4712	177.50854	5.261676e-06	65454.80000901222
ant_eg_r1_a0_eps_010_0	229	3902.5	4961.6	3902.5	4961.6	2289999	1332.6277	1332.6282	164.3629	-1333.1097	200.02103	3.321926e-05	65780.62118935585
ant_eg_r1_a0_eps_010_0	230	4934.0	4658.8	4934.0	4658.8	2299999	1334.4064	1334.4061	170.72159	-1334.8728	183.74698	1.2932333e-05	66093.17424345016
ant_eg_r1_a0_eps_010_0	231	5000.0	2611.6	5000.0	2611.6	2309999	1336.5496	1336.5486	165.14034	-1336.9888	194.8887	3.0820538e-05	66366.64115977287
ant_eg_r1_a0_eps_010_0	232	4096.0	1161.2	4096.0	1161.2	2319999	1337.5026	1337.503	165.21617	-1337.9142	182.50946	1.6101807e-05	66622.31623911858
ant_eg_r1_a0_eps_010_0	233	3955.0	3951.0	3955.0	3951.0	2329999	1338.6671	1338.6666	166.55786	-1339.1552	190.22156	2.4826073e-05	66922.60472846031
ant_eg_r1_a0_eps_010_0	234	4107.0	5000.0	4107.0	5000.0	2339999	1340.4532	1340.4529	172.11833	-1340.8732	189.09734	1.0497746e-05	67235.12218856812
ant_eg_r1_a0_eps_010_0	235	5000.0	3762.0	5000.0	3762.0	2349999	1340.5812	1340.5814	163.31056	-1340.9965	185.00195	4.713737e-05	67536.6957309246
ant_eg_r1_a0_eps_010_0	236	3445.6667	1146.4	3445.6667	1146.4	2359999	1344.0339	1344.034	173.91324	-1344.4655	173.17944	1.6696986e-05	67792.59007358551
ant_eg_r1_a0_eps_010_0	237	4231.0	4148.6	4231.0	4148.6	2369999	1345.7451	1345.7448	173.40874	-1346.1514	177.53798	1.6131422e-05	68104.32307267189
ant_eg_r1_a0_eps_010_0	238	3431.6667	3632.4	3431.6667	3632.4	2379999	1346.5712	1346.5706	167.25758	-1346.9673	163.22304	2.5102569e-05	68416.35892057419
ant_eg_r1_a0_eps_010_0	239	5000.0	4605.4	5000.0	4605.4	2389999	1345.2114	1345.2106	163.78658	-1345.5916	173.48566	3.200296e-05	68746.31670737267
ant_eg_r1_a0_eps_010_0	240	3473.0	3725.0	3473.0	3725.0	2399999	1344.3363	1344.3364	166.45581	-1344.6888	143.33661	2.1065705e-05	69064.8260319233
ant_eg_r1_a0_eps_010_0	241	5000.0	1762.4	5000.0	1762.4	2409999	1342.4648	1342.4642	166.28093	-1342.8231	169.2166	7.565319e-05	69348.33737850189
ant_eg_r1_a0_eps_010_0	242	2892.5	3221.2	2892.5	3221.2	2419999	1342.6823	1342.6835	170.54643	-1343.022	158.04054	3.1967724e-05	69650.80095624924
ant_eg_r1_a0_eps_010_0	243	2140.0	3645.8	2140.0	3645.8	2429999	1340.5735	1340.5728	168.26122	-1340.9517	178.80884	3.9064864e-05	69964.6286315918
ant_eg_r1_a0_eps_010_0	244	4054.6667	3605.6	4054.6667	3605.6	2439999	1342.5891	1342.5887	187.93822	-1343.0026	167.1966	1.03003895e-05	70273.4893026352
ant_eg_r1_a0_eps_010_0	245	1530.2858	1926.8	1530.2858	1926.8	2449999	1344.7003	1344.7001	182.86124	-1345.0867	196.72552	2.4391346e-05	70551.72357153893
ant_eg_r1_a0_eps_010_0	246	2770.25	5000.0	2770.25	5000.0	2459999	1344.4613	1344.4608	169.65312	-1344.8226	226.53705	8.480015e-05	70891.015447855
ant_eg_r1_a0_eps_010_0	247	2487.5	4960.8	2487.5	4960.8	2469999	1344.7129	1344.712	166.1021	-1345.1365	205.93074	6.096552e-05	71215.75140428543
ant_eg_r1_a0_eps_010_0	248	3024.3333	4771.2	3024.3333	4771.2	2479999	1346.8053	1346.8057	168.28497	-1347.299	223.9045	4.530826e-05	71543.49902653694
ant_eg_r1_a0_eps_010_0	249	5000.0	2587.4	5000.0	2587.4	2489999	1348.0354	1348.0348	169.16884	-1348.4886	217.79027	3.399983e-05	71838.39069604874
ant_eg_r1_a0_eps_010_0	250	3241.3333	4306.2	3241.3333	4306.2	2499999	1350.1442	1350.1432	171.14296	-1350.5413	189.8182	3.7678838e-05	72160.77872824669
ant_eg_r1_a0_eps_010_0	251	2410.75	5000.0	2410.75	5000.0	2509999	1348.2268	1348.2262	161.74118	-1348.5696	203.12308	3.825475e-05	72489.63250851631
ant_eg_r1_a0_eps_010_0	252	5000.0	4050.6	5000.0	4050.6	2519999	1347.1879	1347.1882	162.94714	-1347.5597	182.2604	3.7998994e-05	72799.43430781364
ant_eg_r1_a0_eps_010_0	253	3540.3333	4054.2	3540.3333	4054.2	2529999	1347.5134	1347.5118	168.16266	-1347.8772	181.22337	2.5204577e-05	73110.80715823174
ant_eg_r1_a0_eps_010_0	254	3171.0	2333.0	3171.0	2333.0	2539999	1345.9954	1345.9948	162.74417	-1346.2845	171.20963	4.5793273e-05	73393.66778063774
ant_eg_r1_a0_eps_010_0	255	2852.25	3328.0	2852.25	3328.0	2549999	1344.8134	1344.8134	160.62021	-1345.1915	192.69113	4.8594622e-05	73685.58866333961
ant_eg_r1_a0_eps_010_0	256	2124.75	3865.0	2124.75	3865.0	2559999	1343.9471	1343.9462	164.45798	-1344.3168	214.55597	3.3679386e-05	73986.42043471336
ant_eg_r1_a0_eps_010_0	257	4020.0	2830.2	4020.0	2830.2	2569999	1345.2334	1345.2333	169.68964	-1345.6766	217.453	2.866663e-05	74265.80367660522
ant_eg_r1_a0_eps_010_0	258	4883.0	3627.0	4883.0	3627.0	2579999	1347.6846	1347.684	160.2027	-1348.1632	203.29398	7.262004e-05	74559.06666016579
ant_eg_r1_a0_eps_010_0	259	2301.2	5000.0	2301.2	5000.0	2589999	1349.7023	1349.7021	161.95314	-1350.0355	173.13133	4.3966495e-05	74880.45515751839
ant_eg_r1_a0_eps_010_0	260	3498.0	3495.4	3498.0	3495.4	2599999	1349.9901	1349.9901	150.60591	-1350.4584	216.22897	5.7742738e-05	75173.66054105759
ant_eg_r1_a0_eps_010_0	261	5000.0	4318.8	5000.0	4318.8	2609999	1349.6577	1349.657	154.81906	-1350.0266	218.21173	4.5075543e-05	75479.20947480202
ant_eg_r1_a0_eps_010_0	262	5000.0	4101.0	5000.0	4101.0	2619999	1350.8844	1350.8848	163.13991	-1351.3654	204.95135	2.870358e-05	75778.84739375114
ant_eg_r1_a0_eps_010_0	263	5000.0	3367.6	5000.0	3367.6	2629999	1351.5857	1351.586	154.9321	-1352.0316	165.06688	4.308672e-05	76069.86173391342
ant_eg_r1_a0_eps_010_0	264	3477.0	5000.0	3477.0	5000.0	2639999	1352.1622	1352.1624	171.76398	-1352.554	155.33948	1.6741298e-05	76388.6245648861
ant_eg_r1_a0_eps_010_0	265	4049.0	4092.6	4049.0	4092.6	2649999	1353.385	1353.3842	167.1216	-1353.7352	159.28545	2.7670538e-05	76689.57770895958
ant_eg_r1_a0_eps_010_0	266	5000.0	4434.6	5000.0	4434.6	2659999	1352.8013	1352.8015	158.86066	-1353.2596	184.14038	4.3036624e-05	76999.80200195312
ant_eg_r1_a0_eps_010_0	267	3183.0	3273.2	3183.0	3273.2	2669999	1354.9661	1354.9661	167.87645	-1355.4098	156.20807	4.5309018e-05	77309.09856033325
ant_eg_r1_a0_eps_010_0	268	3025.6667	4554.8	3025.6667	4554.8	2679999	1355.3687	1355.3683	164.63788	-1355.7688	174.26497	3.8361075e-05	77650.9676334858
ant_eg_r1_a0_eps_010_0	269	4919.5	5000.0	4919.5	5000.0	2689999	1357.9287	1357.929	168.53114	-1358.3372	165.2186	2.2186743e-05	77997.4286108017
ant_eg_r1_a0_eps_010_0	270	4158.5	2863.4	4158.5	2863.4	2699999	1356.9995	1356.9994	167.73332	-1357.298	164.6197	2.4429854e-05	78300.6863040924
ant_eg_r1_a0_eps_010_0	271	4888.0	3375.2	4888.0	3375.2	2709999	1356.087	1356.0879	166.08162	-1356.5042	177.22527	1.8670566e-05	78610.35707449913
ant_eg_r1_a0_eps_010_0	272	4020.6667	4042.6	4020.6667	4042.6	2719999	1354.7692	1354.7689	160.94969	-1355.1061	172.02083	3.1546646e-05	78934.3223452568
ant_eg_r1_a0_eps_010_0	273	3337.0	4002.0	3337.0	4002.0	2729999	1354.035	1354.0337	164.3989	-1354.4587	186.29675	3.4133853e-05	79262.60892391205
ant_eg_r1_a0_eps_010_0	274	5000.0	4874.6	5000.0	4874.6	2739999	1353.7365	1353.7375	168.17326	-1354.1663	164.32307	2.6021058e-05	79592.62819695473
ant_eg_r1_a0_eps_010_0	275	3238.6667	4552.2	3238.6667	4552.2	2749999	1352.6372	1352.638	163.11856	-1352.9205	182.01672	4.144935e-05	79913.15032076836
ant_eg_r1_a0_eps_010_0	276	3623.0	4611.0	3623.0	4611.0	2759999	1349.0563	1349.0554	163.49652	-1349.4801	184.85617	3.2807962e-05	80235.68975949287
ant_eg_r1_a0_eps_010_0	277	4520.3335	2714.8	4520.3335	2714.8	2769999	1349.512	1349.513	173.57335	-1349.9146	186.38934	1.1639283e-05	80520.54088973999
ant_eg_r1_a0_eps_010_0	278	5000.0	2335.6	5000.0	2335.6	2779999	1349.2903	1349.2904	168.20049	-1349.6132	157.246	2.5370628e-05	80801.690731287
ant_eg_r1_a0_eps_010_0	279	3891.0	2794.0	3891.0	2794.0	2789999	1349.0796	1349.08	172.9726	-1349.4908	134.79402	2.944605e-05	81091.75741291046
ant_eg_r1_a0_eps_010_0	280	4599.5	4627.6	4599.5	4627.6	2799999	1347.5035	1347.5039	164.68324	-1347.8358	148.99725	4.9039685e-05	81411.90117120743
ant_eg_r1_a0_eps_010_0	281	5000.0	2395.0	5000.0	2395.0	2809999	1345.6792	1345.679	176.84882	-1345.9934	144.93385	1.3230732e-05	81690.9392991066
ant_eg_r1_a0_eps_010_0	282	5000.0	4282.8	5000.0	4282.8	2819999	1343.4165	1343.4161	175.17252	-1343.6451	132.61742	1.759526e-05	82004.8417186737
ant_eg_r1_a0_eps_010_0	283	3483.6667	2846.8	3483.6667	2846.8	2829999	1339.4583	1339.4564	170.96996	-1339.7245	139.0926	1.8192986e-05	82291.05288791656
ant_eg_r1_a0_eps_010_0	284	4057.0	4146.2	4057.0	4146.2	2839999	1335.3259	1335.3269	171.83627	-1335.6252	135.34918	1.5332083e-05	82602.70708251
ant_eg_r1_a0_eps_010_0	285	3387.6667	4131.8	3387.6667	4131.8	2849999	1333.1134	1333.1135	164.65578	-1333.3442	126.694275	3.1417345e-05	82905.815169096
ant_eg_r1_a0_eps_010_0	286	3521.3333	3596.2	3521.3333	3596.2	2859999	1329.8245	1329.8246	163.6871	-1330.1315	159.77397	3.557798e-05	83187.20943379402
ant_eg_r1_a0_eps_010_0	287	3557.6667	3436.0	3557.6667	3436.0	2869999	1326.6057	1326.6056	163.72781	-1326.9268	148.78192	2.6464159e-05	83431.20005822182
ant_eg_r1_a0_eps_010_0	288	2607.6667	3473.8	2607.6667	3473.8	2879999	1325.9214	1325.9214	162.11227	-1326.2625	153.10146	1.6431062e-05	83652.3083422184
ant_eg_r1_a0_eps_010_0	289	5000.0	4052.0	5000.0	4052.0	2889999	1323.3657	1323.3657	168.1257	-1323.6229	160.0081	2.1591093e-05	83879.14126229286
ant_eg_r1_a0_eps_010_0	290	5000.0	2718.2	5000.0	2718.2	2899999	1322.5753	1322.5754	171.0347	-1322.9231	149.7724	3.344296e-05	84096.65177798271
ant_eg_r1_a0_eps_010_0	291	3880.0	3993.8	3880.0	3993.8	2909999	1321.4	1321.3995	153.48808	-1321.7249	140.70386	9.142738e-05	84332.39660954475
ant_eg_r1_a0_eps_010_0	292	2765.3333	4498.2	2765.3333	4498.2	2919999	1319.6586	1319.6586	159.11095	-1319.9152	123.8169	7.059281e-05	84574.90926384926
ant_eg_r1_a0_eps_010_0	293	3659.3333	5000.0	3659.3333	5000.0	2929999	1317.6619	1317.6617	154.08621	-1317.9478	122.71483	0.00016040509	84823.52437067032
ant_eg_r1_a0_eps_010_0	294	3781.6667	4262.8	3781.6667	4262.8	2939999	1317.1753	1317.1743	161.91676	-1317.4615	130.9635	7.298986e-05	85066.49330329895
ant_eg_r1_a0_eps_010_0	295	2525.5	4086.8	2525.5	4086.8	2949999	1315.5869	1315.588	163.67068	-1315.9294	139.81435	0.00011508472	85303.74304699898
ant_eg_r1_a0_eps_010_0	296	2378.2	5000.0	2378.2	5000.0	2959999	1317.8676	1317.8672	180.89523	-1318.232	155.02315	2.0966152e-05	85553.90977787971
ant_eg_r1_a0_eps_010_0	297	5000.0	3767.0	5000.0	3767.0	2969999	1318.0961	1318.0953	167.44139	-1318.4207	139.89142	4.066492e-05	85786.9380531311
ant_eg_r1_a0_eps_010_0	298	5000.0	2679.0	5000.0	2679.0	2979999	1318.6985	1318.6989	178.46165	-1319.0082	140.88084	2.7196247e-05	86007.8261039257
ant_eg_r1_a0_eps_010_0	299	5000.0	4354.8	5000.0	4354.8	2989999	1317.9	1317.9001	166.59236	-1318.1332	123.53489	0.00010545016	86246.62374329567
ant_eg_r1_a0_eps_010_0	300	3734.0	3608.4	3734.0	3608.4	2999999	1315.6149	1315.6141	173.30289	-1315.8844	138.06744	5.509585e-05	86443.53260469437
